i 	 t 	 J_r 	 J_theta 	 J_phi 	 Omega_r 	 Omega_theta 	 Omega_phi 	 dt 
------------
0 	1.000000 	3.043629 	3.271327 	0.756112 	0.003451 	0.004707 	0.004937 	0.010830 
1 	11752.799186 	3.039753e+00 	3.263544e+00 	7.485849e-01 	3.486716e-03 	4.782799e-03 	5.020695e-03 	1.175180e+04 
2 	23558.833955 	3.035661e+00 	3.255842e+00 	7.411716e-01 	3.523373e-03 	4.860267e-03 	5.107216e-03 	1.180603e+04 
3 	35488.964108 	3.031356e+00 	3.248202e+00 	7.338555e-01 	3.560661e-03 	4.940137e-03 	5.196581e-03 	1.193013e+04 
4 	47626.404040 	3.026818e+00 	3.240620e+00 	7.266390e-01 	3.598627e-03 	5.022575e-03 	5.288993e-03 	1.213744e+04 
5 	60072.055837 	3.022024e+00 	3.233088e+00 	7.195253e-01 	3.637325e-03 	5.107780e-03 	5.384685e-03 	1.244565e+04 
6 	72951.640790 	3.016947e+00 	3.225601e+00 	7.125182e-01 	3.676828e-03 	5.195985e-03 	5.483933e-03 	1.287958e+04 
7 	86426.526285 	3.011548e+00 	3.218146e+00 	7.056231e-01 	3.717226e-03 	5.287467e-03 	5.587063e-03 	1.347489e+04 
8 	100710.848760 	3.005775e+00 	3.210709e+00 	6.988474e-01 	3.758639e-03 	5.382573e-03 	5.694478e-03 	1.428432e+04 
9 	116099.898483 	2.999560e+00 	3.203269e+00 	6.922016e-01 	3.801236e-03 	5.481738e-03 	5.806684e-03 	1.538905e+04 
10 	133019.978130 	2.992801e+00 	3.195794e+00 	6.857011e-01 	3.845252e-03 	5.585546e-03 	5.924352e-03 	1.692008e+04 
11 	152122.644404 	2.985348e+00 	3.188234e+00 	6.793700e-01 	3.891050e-03 	5.694820e-03 	6.048419e-03 	1.910267e+04 
12 	174480.865178 	2.976955e+00 	3.180502e+00 	6.732479e-01 	3.939218e-03 	5.810819e-03 	6.180307e-03 	2.235822e+04 
13 	202055.481818 	2.967183e+00 	3.172436e+00 	6.674090e-01 	3.990820e-03 	5.935687e-03 	6.322423e-03 	2.757462e+04 
14 	239047.864099 	2.955110e+00 	3.163680e+00 	6.620163e-01 	4.048101e-03 	6.073741e-03 	6.479577e-03 	3.699238e+04 
15 	297388.970915 	2.938178e+00 	3.153216e+00 	6.575610e-01 	4.117260e-03 	6.236412e-03 	6.664426e-03 	5.834111e+04 
16 	405607.742925 	2.911345e+00 	3.139484e+00 	6.565266e-01 	4.205529e-03 	6.428833e-03 	6.881510e-03 	1.082188e+05 
17 	530322.096919 	2.883448e+00 	3.126644e+00 	6.596807e-01 	4.283717e-03 	6.583668e-03 	7.054391e-03 	1.247144e+05 
18 	663569.687817 	2.855139e+00 	3.113827e+00 	6.650456e-01 	4.357944e-03 	6.721505e-03 	7.207145e-03 	1.332476e+05 
19 	798729.156277 	2.826820e+00 	3.100504e+00 	6.710676e-01 	4.433310e-03 	6.860807e-03 	7.361516e-03 	1.351595e+05 
20 	935589.439331 	2.798902e+00 	3.086762e+00 	6.779368e-01 	4.508137e-03 	6.997217e-03 	7.512506e-03 	1.368603e+05 
21 	1071872.747491 	2.771365e+00 	3.072288e+00 	6.849395e-01 	4.585590e-03 	7.141748e-03 	7.673083e-03 	1.362833e+05 
22 	1195626.212074 	2.747349e+00 	3.058834e+00 	6.919912e-01 	4.654027e-03 	7.268202e-03 	7.813512e-03 	1.237535e+05 
23 	1315038.326399 	2.724829e+00 	3.045281e+00 	6.991053e-01 	4.720677e-03 	7.393114e-03 	7.952596e-03 	1.194121e+05 
24 	1427464.499267 	2.704591e+00 	3.032131e+00 	7.062970e-01 	4.782037e-03 	7.508155e-03 	8.080819e-03 	1.124262e+05 
25 	1534935.087240 	2.686118e+00 	3.019119e+00 	7.135486e-01 	4.839871e-03 	7.617463e-03 	8.202897e-03 	1.074706e+05 
26 	1637121.779853 	2.669542e+00 	3.006381e+00 	7.208743e-01 	4.893199e-03 	7.718478e-03 	8.315872e-03 	1.021867e+05 
27 	1734902.030734 	2.654613e+00 	2.993825e+00 	7.282638e-01 	4.942719e-03 	7.812743e-03 	8.421492e-03 	9.778025e+04 
28 	1828466.562960 	2.641281e+00 	2.981482e+00 	7.357246e-01 	4.988246e-03 	7.899574e-03 	8.518935e-03 	9.356453e+04 
29 	1918323.504653 	2.629375e+00 	2.969313e+00 	7.432521e-01 	5.030178e-03 	7.979738e-03 	8.609054e-03 	8.985694e+04 
30 	2004767.448154 	2.618787e+00 	2.957315e+00 	7.508501e-01 	5.068637e-03 	8.053286e-03 	8.691870e-03 	8.644394e+04 
31 	2088158.504384 	2.609374e+00 	2.945464e+00 	7.585170e-01 	5.103940e-03 	8.120773e-03 	8.767991e-03 	8.339106e+04 
32 	2168780.470601 	2.601016e+00 	2.933745e+00 	7.662548e-01 	5.136324e-03 	8.182546e-03 	8.837778e-03 	8.062197e+04 
33 	2246914.971374 	2.593586e+00 	2.922140e+00 	7.740632e-01 	5.166088e-03 	8.239118e-03 	8.901792e-03 	7.813450e+04 
34 	2322807.055002 	2.586969e+00 	2.910631e+00 	7.819436e-01 	5.193501e-03 	8.290945e-03 	8.960523e-03 	7.589208e+04 
35 	2396684.377456 	2.581056e+00 	2.899199e+00 	7.898966e-01 	5.218847e-03 	8.338529e-03 	9.014524e-03 	7.387732e+04 
36 	2468750.245497 	2.575745e+00 	2.887825e+00 	7.979233e-01 	5.242392e-03 	8.382349e-03 	9.064319e-03 	7.206587e+04 
37 	2539188.911522 	2.570942e+00 	2.876492e+00 	8.060246e-01 	5.264396e-03 	8.422888e-03 	9.110440e-03 	7.043867e+04 
38 	2608164.882384 	2.566561e+00 	2.865182e+00 	8.142016e-01 	5.285102e-03 	8.460604e-03 	9.153395e-03 	6.897597e+04 
39 	2675824.785975 	2.562527e+00 	2.853877e+00 	8.224556e-01 	5.304739e-03 	8.495939e-03 	9.193673e-03 	6.765990e+04 
40 	2742297.895753 	2.558771e+00 	2.842561e+00 	8.307877e-01 	5.323516e-03 	8.529302e-03 	9.231734e-03 	6.647311e+04 
41 	2807697.162688 	2.555233e+00 	2.831217e+00 	8.391994e-01 	5.341623e-03 	8.561078e-03 	9.268005e-03 	6.539927e+04 
42 	2872119.989564 	2.551862e+00 	2.819830e+00 	8.476919e-01 	5.359231e-03 	8.591613e-03 	9.302878e-03 	6.442283e+04 
43 	2935649.164677 	2.548613e+00 	2.808386e+00 	8.562667e-01 	5.376492e-03 	8.621222e-03 	9.336705e-03 	6.352918e+04 
44 	2998353.823942 	2.545450e+00 	2.796872e+00 	8.649252e-01 	5.393537e-03 	8.650181e-03 	9.369799e-03 	6.270466e+04 
45 	3060290.534799 	2.542340e+00 	2.785276e+00 	8.736688e-01 	5.410480e-03 	8.678732e-03 	9.402434e-03 	6.193671e+04 
46 	3121504.466856 	2.539259e+00 	2.773589e+00 	8.824990e-01 	5.427418e-03 	8.707082e-03 	9.434845e-03 	6.121393e+04 
47 	3182030.645186 	2.536186e+00 	2.761800e+00 	8.914171e-01 	5.444431e-03 	8.735406e-03 	9.467233e-03 	6.052618e+04 
48 	3241895.245586 	2.533104e+00 	2.749902e+00 	9.004245e-01 	5.461588e-03 	8.763851e-03 	9.499763e-03 	5.986460e+04 
49 	3301116.893039 	2.530001e+00 	2.737888e+00 	9.095225e-01 	5.478942e-03 	8.792537e-03 	9.532574e-03 	5.922165e+04 
50 	3359707.918377 	2.526866e+00 	2.725753e+00 	9.187124e-01 	5.496539e-03 	8.821561e-03 	9.565777e-03 	5.859103e+04 
51 	3417675.534570 	2.523692e+00 	2.713491e+00 	9.279954e-01 	5.514416e-03 	8.851003e-03 	9.599464e-03 	5.796762e+04 
52 	3475022.901782 	2.520473e+00 	2.701097e+00 	9.373727e-01 	5.532602e-03 	8.880926e-03 	9.633708e-03 	5.734737e+04 
53 	3531750.061660 	2.517204e+00 	2.688570e+00 	9.468454e-01 	5.551121e-03 	8.911381e-03 	9.668568e-03 	5.672716e+04 
54 	3587854.732276 	2.513882e+00 	2.675904e+00 	9.564148e-01 	5.569995e-03 	8.942411e-03 	9.704093e-03 	5.610467e+04 
55 	3643332.965113 	2.510504e+00 	2.663098e+00 	9.660818e-01 	5.589239e-03 	8.974048e-03 	9.740322e-03 	5.547823e+04 
56 	3698179.673026 	2.507067e+00 	2.650148e+00 	9.758476e-01 	5.608870e-03 	9.006324e-03 	9.777290e-03 	5.484671e+04 
57 	3752389.043225 	2.503571e+00 	2.637053e+00 	9.857133e-01 	5.628901e-03 	9.039263e-03 	9.815028e-03 	5.420937e+04 
58 	3805954.851891 	2.500013e+00 	2.623811e+00 	9.956800e-01 	5.649345e-03 	9.072889e-03 	9.853562e-03 	5.356581e+04 
59 	3858870.697689 	2.496392e+00 	2.610418e+00 	1.005749e+00 	5.670215e-03 	9.107224e-03 	9.892919e-03 	5.291585e+04 
60 	3911130.170591 	2.492707e+00 	2.596874e+00 	1.015921e+00 	5.691524e-03 	9.142290e-03 	9.933124e-03 	5.225947e+04 
61 	3962726.970675 	2.488956e+00 	2.583175e+00 	1.026197e+00 	5.713283e-03 	9.178108e-03 	9.974202e-03 	5.159680e+04 
62 	4013654.989339 	2.485138e+00 	2.569321e+00 	1.036578e+00 	5.735505e-03 	9.214700e-03 	1.001618e-02 	5.092802e+04 
63 	4063908.363299 	2.481251e+00 	2.555308e+00 	1.047066e+00 	5.758205e-03 	9.252088e-03 	1.005908e-02 	5.025337e+04 
64 	4113481.508971 	2.477294e+00 	2.541135e+00 	1.057662e+00 	5.781396e-03 	9.290296e-03 	1.010294e-02 	4.957315e+04 
65 	4162369.143718 	2.473265e+00 	2.526800e+00 	1.068366e+00 	5.805092e-03 	9.329347e-03 	1.014778e-02 	4.888763e+04 
66 	4210566.298265 	2.469163e+00 	2.512299e+00 	1.079180e+00 	5.829309e-03 	9.369267e-03 	1.019363e-02 	4.819715e+04 
67 	4258068.323495 	2.464986e+00 	2.497632e+00 	1.090105e+00 	5.854061e-03 	9.410083e-03 	1.024052e-02 	4.750203e+04 
68 	4304870.893838 	2.460733e+00 	2.482795e+00 	1.101142e+00 	5.879366e-03 	9.451821e-03 	1.028849e-02 	4.680257e+04 
69 	4350970.008718 	2.456401e+00 	2.467787e+00 	1.112293e+00 	5.905240e-03 	9.494512e-03 	1.033756e-02 	4.609911e+04 
70 	4396361.992990 	2.451989e+00 	2.452605e+00 	1.123558e+00 	5.931702e-03 	9.538183e-03 	1.038779e-02 	4.539198e+04 
71 	4441043.496924 	2.447494e+00 	2.437246e+00 	1.134939e+00 	5.958770e-03 	9.582868e-03 	1.043919e-02 	4.468150e+04 
72 	4485011.496037 	2.442916e+00 	2.421708e+00 	1.146437e+00 	5.986463e-03 	9.628600e-03 	1.049182e-02 	4.396800e+04 
73 	4528263.290927 	2.438251e+00 	2.405988e+00 	1.158053e+00 	6.014802e-03 	9.675411e-03 	1.054571e-02 	4.325179e+04 
74 	4570796.507144 	2.433498e+00 	2.390083e+00 	1.169789e+00 	6.043809e-03 	9.723339e-03 	1.060090e-02 	4.253322e+04 
75 	4612609.095100 	2.428654e+00 	2.373992e+00 	1.181645e+00 	6.073504e-03 	9.772421e-03 	1.065744e-02 	4.181259e+04 
76 	4653699.329967 	2.423718e+00 	2.357710e+00 	1.193624e+00 	6.103912e-03 	9.822697e-03 	1.071538e-02 	4.109023e+04 
77 	4694065.811529 	2.418686e+00 	2.341236e+00 	1.205726e+00 	6.135057e-03 	9.874207e-03 	1.077477e-02 	4.036648e+04 
78 	4733707.463914 	2.413556e+00 	2.324567e+00 	1.217952e+00 	6.166964e-03 	9.926994e-03 	1.083565e-02 	3.964165e+04 
79 	4772623.535196 	2.408327e+00 	2.307698e+00 	1.230305e+00 	6.199660e-03 	9.981104e-03 	1.089808e-02 	3.891607e+04 
80 	4810813.596796 	2.402994e+00 	2.290628e+00 	1.242785e+00 	6.233172e-03 	1.003658e-02 	1.096212e-02 	3.819006e+04 
81 	4848277.542679 	2.397556e+00 	2.273353e+00 	1.255394e+00 	6.267531e-03 	1.009348e-02 	1.102783e-02 	3.746395e+04 
82 	4885015.588312 	2.392010e+00 	2.255870e+00 	1.268133e+00 	6.302766e-03 	1.015186e-02 	1.109527e-02 	3.673805e+04 
83 	4921028.269363 	2.386353e+00 	2.238176e+00 	1.281003e+00 	6.338910e-03 	1.021175e-02 	1.116450e-02 	3.601268e+04 
84 	4956316.440153 	2.380581e+00 	2.220267e+00 	1.294006e+00 	6.375996e-03 	1.027324e-02 	1.123559e-02 	3.528817e+04 
85 	4990881.271830 	2.374692e+00 	2.202140e+00 	1.307144e+00 	6.414061e-03 	1.033636e-02 	1.130862e-02 	3.456483e+04 
86 	5024724.250278 	2.368682e+00 	2.183790e+00 	1.320417e+00 	6.453140e-03 	1.040120e-02 	1.138366e-02 	3.384298e+04 
87 	5057847.173758 	2.362549e+00 	2.165216e+00 	1.333828e+00 	6.493274e-03 	1.046781e-02 	1.146079e-02 	3.312292e+04 
88 	5090252.150288 	2.356287e+00 	2.146412e+00 	1.347378e+00 	6.534505e-03 	1.053626e-02 	1.154009e-02 	3.240498e+04 
89 	5121941.594751 	2.349895e+00 	2.127375e+00 	1.361067e+00 	6.576874e-03 	1.060664e-02 	1.162167e-02 	3.168944e+04 
90 	5152918.225757 	2.343367e+00 	2.108101e+00 	1.374899e+00 	6.620429e-03 	1.067901e-02 	1.170560e-02 	3.097663e+04 
91 	5183185.062252 	2.336701e+00 	2.088585e+00 	1.388874e+00 	6.665218e-03 	1.075346e-02 	1.179200e-02 	3.026684e+04 
92 	5212745.419887 	2.329891e+00 	2.068824e+00 	1.402994e+00 	6.711292e-03 	1.083008e-02 	1.188095e-02 	2.956036e+04 
93 	5241602.907144 	2.322934e+00 	2.048813e+00 	1.417260e+00 	6.758706e-03 	1.090896e-02 	1.197259e-02 	2.885749e+04 
94 	5269761.421249 	2.315825e+00 	2.028547e+00 	1.431674e+00 	6.807516e-03 	1.099021e-02 	1.206702e-02 	2.815851e+04 
95 	5297225.143852 	2.308560e+00 	2.008022e+00 	1.446238e+00 	6.857783e-03 	1.107391e-02 	1.216438e-02 	2.746372e+04 
96 	5323590.059631 	2.301209e+00 	1.987548e+00 	1.460701e+00 	6.909064e-03 	1.115968e-02 	1.226422e-02 	2.636492e+04 
97 	5348717.785471 	2.293897e+00 	1.967288e+00 	1.474998e+00 	6.960475e-03 	1.124548e-02 	1.236415e-02 	2.512773e+04 
98 	5372672.708735 	2.286597e+00 	1.947237e+00 	1.489113e+00 	7.012207e-03 	1.133185e-02 	1.246480e-02 	2.395492e+04 
99 	5395516.874094 	2.279318e+00 	1.927394e+00 	1.503055e+00 	7.064191e-03 	1.141859e-02 	1.256594e-02 	2.284417e+04 
100 	5417308.202072 	2.272050e+00 	1.907756e+00 	1.516818e+00 	7.116508e-03 	1.150593e-02 	1.266784e-02 	2.179133e+04 
101 	5438101.772901 	2.264797e+00 	1.888322e+00 	1.530408e+00 	7.169126e-03 	1.159378e-02 	1.277040e-02 	2.079357e+04 
102 	5457949.289166 	2.257555e+00 	1.869089e+00 	1.543823e+00 	7.222075e-03 	1.168222e-02 	1.287372e-02 	1.984752e+04 
103 	5476899.657023 	2.250327e+00 	1.850054e+00 	1.557066e+00 	7.275342e-03 	1.177123e-02 	1.297775e-02 	1.895037e+04 
104 	5494998.910457 	2.243112e+00 	1.831217e+00 	1.570139e+00 	7.328937e-03 	1.186083e-02 	1.308255e-02 	1.809925e+04 
105 	5512290.514729 	2.235910e+00 	1.812574e+00 	1.583045e+00 	7.382855e-03 	1.195100e-02 	1.318809e-02 	1.729160e+04 
106 	5528815.443575 	2.228723e+00 	1.794124e+00 	1.595784e+00 	7.437098e-03 	1.204177e-02 	1.329439e-02 	1.652493e+04 
107 	5544612.372708 	2.221550e+00 	1.775865e+00 	1.608359e+00 	7.491663e-03 	1.213311e-02 	1.340143e-02 	1.579693e+04 
108 	5559717.796208 	2.214393e+00 	1.757795e+00 	1.620772e+00 	7.546550e-03 	1.222504e-02 	1.350923e-02 	1.510542e+04 
109 	5574166.172257 	2.207251e+00 	1.739911e+00 	1.633024e+00 	7.601756e-03 	1.231755e-02 	1.361778e-02 	1.444838e+04 
110 	5587990.040491 	2.200125e+00 	1.722211e+00 	1.645119e+00 	7.657282e-03 	1.241064e-02 	1.372708e-02 	1.382387e+04 
111 	5601220.142243 	2.193015e+00 	1.704694e+00 	1.657057e+00 	7.713124e-03 	1.250430e-02 	1.383712e-02 	1.323010e+04 
112 	5613885.527783 	2.185923e+00 	1.687358e+00 	1.668840e+00 	7.769282e-03 	1.259854e-02 	1.394792e-02 	1.266539e+04 
113 	5626013.659390 	2.178848e+00 	1.670201e+00 	1.680471e+00 	7.825754e-03 	1.269335e-02 	1.405946e-02 	1.212813e+04 
114 	5637630.506401 	2.171790e+00 	1.653220e+00 	1.691952e+00 	7.882538e-03 	1.278873e-02 	1.417174e-02 	1.161685e+04 
115 	5648760.634804 	2.164751e+00 	1.636415e+00 	1.703284e+00 	7.939632e-03 	1.288468e-02 	1.428476e-02 	1.113013e+04 
116 	5659427.290703 	2.157731e+00 	1.619783e+00 	1.714468e+00 	7.997036e-03 	1.298119e-02 	1.439853e-02 	1.066666e+04 
117 	5669652.478578 	2.150729e+00 	1.603322e+00 	1.725508e+00 	8.054746e-03 	1.307826e-02 	1.451304e-02 	1.022519e+04 
118 	5679457.034434 	2.143747e+00 	1.587030e+00 	1.736404e+00 	8.112762e-03 	1.317590e-02 	1.462828e-02 	9.804556e+03 
119 	5688860.694307 	2.136785e+00 	1.570906e+00 	1.747158e+00 	8.171081e-03 	1.327410e-02 	1.474426e-02 	9.403660e+03 
120 	5697882.158381 	2.129842e+00 	1.554949e+00 	1.757773e+00 	8.229702e-03 	1.337285e-02 	1.486098e-02 	9.021464e+03 
121 	5706539.151049 	2.122920e+00 	1.539155e+00 	1.768249e+00 	8.288622e-03 	1.347215e-02 	1.497842e-02 	8.656993e+03 
122 	5714848.477171 	2.116019e+00 	1.523524e+00 	1.778589e+00 	8.347841e-03 	1.357200e-02 	1.509660e-02 	8.309326e+03 
123 	5722826.074796 	2.109139e+00 	1.508053e+00 	1.788794e+00 	8.407355e-03 	1.367240e-02 	1.521550e-02 	7.977598e+03 
124 	5730487.064586 	2.102280e+00 	1.492741e+00 	1.798865e+00 	8.467163e-03 	1.377335e-02 	1.533513e-02 	7.660990e+03 
125 	5737845.796160 	2.095442e+00 	1.477587e+00 	1.808805e+00 	8.527263e-03 	1.387484e-02 	1.545548e-02 	7.358732e+03 
126 	5744915.891571 	2.088627e+00 	1.462589e+00 	1.818615e+00 	8.587652e-03 	1.397686e-02 	1.557656e-02 	7.070095e+03 
127 	5751710.286097 	2.081834e+00 	1.447744e+00 	1.828297e+00 	8.648328e-03 	1.407942e-02 	1.569835e-02 	6.794395e+03 
128 	5758241.266541 	2.075063e+00 	1.433052e+00 	1.837852e+00 	8.709290e-03 	1.418252e-02 	1.582085e-02 	6.530980e+03 
129 	5764520.507181 	2.068315e+00 	1.418511e+00 	1.847282e+00 	8.770534e-03 	1.428614e-02 	1.594407e-02 	6.279241e+03 
130 	5770559.103554 	2.061589e+00 	1.404119e+00 	1.856588e+00 	8.832059e-03 	1.439028e-02 	1.606800e-02 	6.038596e+03 
131 	5776367.604188 	2.054888e+00 	1.389875e+00 	1.865772e+00 	8.893861e-03 	1.449495e-02 	1.619263e-02 	5.808501e+03 
132 	5781956.040440 	2.048209e+00 	1.375777e+00 	1.874835e+00 	8.955940e-03 	1.460014e-02 	1.631797e-02 	5.588436e+03 
133 	5787333.954540 	2.041555e+00 	1.361823e+00 	1.883779e+00 	9.018291e-03 	1.470584e-02 	1.644400e-02 	5.377914e+03 
134 	5792510.425980 	2.034924e+00 	1.348013e+00 	1.892605e+00 	9.080913e-03 	1.481205e-02 	1.657073e-02 	5.176471e+03 
135 	5797494.096340 	2.028317e+00 	1.334344e+00 	1.901315e+00 	9.143802e-03 	1.491877e-02 	1.669816e-02 	4.983670e+03 
136 	5802293.192651 	2.021735e+00 	1.320815e+00 	1.909911e+00 	9.206957e-03 	1.502599e-02 	1.682627e-02 	4.799096e+03 
137 	5806915.549397 	2.015178e+00 	1.307425e+00 	1.918393e+00 	9.270374e-03 	1.513370e-02 	1.695506e-02 	4.622357e+03 
138 	5811368.629234 	2.008645e+00 	1.294172e+00 	1.926762e+00 	9.334050e-03 	1.524192e-02 	1.708454e-02 	4.453080e+03 
139 	5815659.542513 	2.002138e+00 	1.281055e+00 	1.935022e+00 	9.397983e-03 	1.535062e-02 	1.721469e-02 	4.290913e+03 
140 	5819795.065678 	1.995656e+00 	1.268072e+00 	1.943172e+00 	9.462170e-03 	1.545980e-02 	1.734551e-02 	4.135523e+03 
141 	5823781.658612 	1.989199e+00 	1.255222e+00 	1.951214e+00 	9.526607e-03 	1.556947e-02 	1.747700e-02 	3.986593e+03 
142 	5827625.480990 	1.982768e+00 	1.242504e+00 	1.959150e+00 	9.591292e-03 	1.567961e-02 	1.760915e-02 	3.843822e+03 
143 	5831332.407716 	1.976363e+00 	1.229916e+00 	1.966980e+00 	9.656222e-03 	1.579022e-02 	1.774196e-02 	3.706927e+03 
144 	5834908.043478 	1.969983e+00 	1.217456e+00 	1.974707e+00 	9.721393e-03 	1.590129e-02 	1.787541e-02 	3.575636e+03 
145 	5838357.736495 	1.963630e+00 	1.205125e+00 	1.982331e+00 	9.786803e-03 	1.601283e-02 	1.800952e-02 	3.449693e+03 
146 	5841686.591495 	1.957304e+00 	1.192919e+00 	1.989853e+00 	9.852447e-03 	1.612482e-02 	1.814427e-02 	3.328855e+03 
147 	5844899.481974 	1.951004e+00 	1.180838e+00 	1.997276e+00 	9.918323e-03 	1.623726e-02 	1.827965e-02 	3.212890e+03 
148 	5848001.061774 	1.944730e+00 	1.168881e+00 	2.004600e+00 	9.984426e-03 	1.635015e-02 	1.841566e-02 	3.101580e+03 
149 	5850995.776030 	1.938484e+00 	1.157046e+00 	2.011826e+00 	1.005075e-02 	1.646347e-02 	1.855230e-02 	2.994714e+03 
150 	5853887.871517 	1.932264e+00 	1.145332e+00 	2.018956e+00 	1.011730e-02 	1.657723e-02 	1.868956e-02 	2.892095e+03 
151 	5856681.406434 	1.926072e+00 	1.133737e+00 	2.025991e+00 	1.018407e-02 	1.669142e-02 	1.882742e-02 	2.793535e+03 
152 	5859380.259658 	1.919907e+00 	1.122261e+00 	2.032932e+00 	1.025105e-02 	1.680602e-02 	1.896590e-02 	2.698853e+03 
