i 	 t 	 J_r 	 J_theta 	 J_phi 	 Omega_r 	 Omega_theta 	 Omega_phi 	 dt 
------------
0 	1.000000 	0.765515 	2.794095 	3.511458 	0.002944 	0.003170 	0.003194 	0.010830 
1 	9764.599785 	7.577267e-01 	2.779782e+00 	3.497157e+00 	2.990893e-03 	3.222522e-03 	3.247476e-03 	9.763600e+03 
2 	19057.985898 	7.500004e-01 	2.765566e+00 	3.482953e+00 	3.038231e-03 	3.275867e-03 	3.301602e-03 	9.293386e+03 
3 	27904.290985 	7.423532e-01 	2.751478e+00 	3.468878e+00 	3.086114e-03 	3.329888e-03 	3.356425e-03 	8.846305e+03 
4 	36326.464596 	7.347847e-01 	2.737519e+00 	3.454931e+00 	3.134542e-03 	3.384588e-03 	3.411949e-03 	8.422174e+03 
5 	44346.226946 	7.272940e-01 	2.723687e+00 	3.441111e+00 	3.183518e-03 	3.439971e-03 	3.468178e-03 	8.019762e+03 
6 	51984.124449 	7.198802e-01 	2.709980e+00 	3.427417e+00 	3.233044e-03 	3.496043e-03 	3.525118e-03 	7.637898e+03 
7 	59259.595920 	7.125427e-01 	2.696398e+00 	3.413846e+00 	3.283123e-03 	3.552807e-03 	3.582774e-03 	7.275471e+03 
8 	66191.035080 	7.052806e-01 	2.682938e+00 	3.400399e+00 	3.333757e-03 	3.610268e-03 	3.641150e-03 	6.931439e+03 
9 	72795.849388 	6.980931e-01 	2.669600e+00 	3.387073e+00 	3.384948e-03 	3.668430e-03 	3.700252e-03 	6.604814e+03 
10 	79090.515431 	6.909795e-01 	2.656382e+00 	3.373867e+00 	3.436697e-03 	3.727299e-03 	3.760084e-03 	6.294666e+03 
11 	85090.631076 	6.839390e-01 	2.643283e+00 	3.360780e+00 	3.489007e-03 	3.786877e-03 	3.820652e-03 	6.000116e+03 
12 	90810.964580 	6.769708e-01 	2.630302e+00 	3.347811e+00 	3.541880e-03 	3.847170e-03 	3.881960e-03 	5.720334e+03 
13 	96265.500844 	6.700741e-01 	2.617437e+00 	3.334958e+00 	3.595318e-03 	3.908181e-03 	3.944013e-03 	5.454536e+03 
14 	101467.484981 	6.632483e-01 	2.604688e+00 	3.322220e+00 	3.649323e-03 	3.969916e-03 	4.006815e-03 	5.201984e+03 
15 	106429.463356 	6.564927e-01 	2.592052e+00 	3.309596e+00 	3.703896e-03 	4.032377e-03 	4.070373e-03 	4.961978e+03 
16 	111163.322264 	6.498064e-01 	2.579529e+00 	3.297085e+00 	3.759039e-03 	4.095570e-03 	4.134689e-03 	4.733859e+03 
17 	115680.324370 	6.431887e-01 	2.567118e+00 	3.284686e+00 	3.814754e-03 	4.159498e-03 	4.199769e-03 	4.517002e+03 
18 	119991.143048 	6.366390e-01 	2.554818e+00 	3.272397e+00 	3.871043e-03 	4.224166e-03 	4.265618e-03 	4.310819e+03 
19 	124105.894763 	6.301566e-01 	2.542626e+00 	3.260217e+00 	3.927906e-03 	4.289578e-03 	4.332240e-03 	4.114752e+03 
20 	128034.169581 	6.237407e-01 	2.530543e+00 	3.248146e+00 	3.985346e-03 	4.355736e-03 	4.399640e-03 	3.928275e+03 
21 	131785.059950 	6.173907e-01 	2.518567e+00 	3.236181e+00 	4.043364e-03 	4.422647e-03 	4.467822e-03 	3.750890e+03 
22 	135367.187828 	6.111058e-01 	2.506697e+00 	3.224322e+00 	4.101961e-03 	4.490312e-03 	4.536791e-03 	3.582128e+03 
23 	138788.730277 	6.048855e-01 	2.494931e+00 	3.212568e+00 	4.161138e-03 	4.558737e-03 	4.606552e-03 	3.421542e+03 
24 	142057.443597 	5.987290e-01 	2.483269e+00 	3.200917e+00 	4.220898e-03 	4.627925e-03 	4.677108e-03 	3.268713e+03 
25 	145180.686099 	5.926357e-01 	2.471709e+00 	3.189369e+00 	4.281240e-03 	4.697879e-03 	4.748464e-03 	3.123243e+03 
26 	148165.439584 	5.866048e-01 	2.460251e+00 	3.177922e+00 	4.342167e-03 	4.768604e-03 	4.820625e-03 	2.984753e+03 
27 	151018.329621 	5.806359e-01 	2.448894e+00 	3.166576e+00 	4.403678e-03 	4.840103e-03 	4.893594e-03 	2.852890e+03 
28 	153745.644673 	5.747282e-01 	2.437636e+00 	3.155329e+00 	4.465776e-03 	4.912380e-03 	4.967377e-03 	2.727315e+03 
29 	156353.354161 	5.688811e-01 	2.426476e+00 	3.144180e+00 	4.528461e-03 	4.985439e-03 	5.041977e-03 	2.607709e+03 
30 	158847.125507 	5.630940e-01 	2.415413e+00 	3.133128e+00 	4.591734e-03 	5.059282e-03 	5.117398e-03 	2.493771e+03 
31 	161232.340230 	5.573662e-01 	2.404446e+00 	3.122173e+00 	4.655595e-03 	5.133914e-03 	5.193646e-03 	2.385215e+03 
32 	163514.109149 	5.516971e-01 	2.393575e+00 	3.111313e+00 	4.720046e-03 	5.209337e-03 	5.270723e-03 	2.281769e+03 
33 	165697.286729 	5.460862e-01 	2.382798e+00 	3.100547e+00 	4.785087e-03 	5.285555e-03 	5.348634e-03 	2.183178e+03 
34 	167786.484642 	5.405328e-01 	2.372115e+00 	3.089874e+00 	4.850719e-03 	5.362572e-03 	5.427383e-03 	2.089198e+03 
35 	169786.084575 	5.350364e-01 	2.361523e+00 	3.079293e+00 	4.916942e-03 	5.440391e-03 	5.506974e-03 	1.999600e+03 
36 	171700.250328 	5.295962e-01 	2.351023e+00 	3.068804e+00 	4.983756e-03 	5.519015e-03 	5.587411e-03 	1.914166e+03 
37 	173532.939248 	5.242119e-01 	2.340613e+00 	3.058405e+00 	5.051163e-03 	5.598447e-03 	5.668697e-03 	1.832689e+03 
38 	175287.913036 	5.188827e-01 	2.330293e+00 	3.048096e+00 	5.119162e-03 	5.678690e-03 	5.750838e-03 	1.754974e+03 
39 	176968.747957 	5.136082e-01 	2.320061e+00 	3.037875e+00 	5.187754e-03 	5.759748e-03 	5.833835e-03 	1.680835e+03 
40 	178578.844497 	5.083877e-01 	2.309917e+00 	3.027741e+00 	5.256938e-03 	5.841623e-03 	5.917695e-03 	1.610097e+03 
41 	180121.436489 	5.032206e-01 	2.299860e+00 	3.017694e+00 	5.326716e-03 	5.924318e-03 	6.002419e-03 	1.542592e+03 
42 	181599.599745 	4.981065e-01 	2.289888e+00 	3.007733e+00 	5.397086e-03 	6.007837e-03 	6.088012e-03 	1.478163e+03 
43 	183016.260222 	4.930449e-01 	2.280001e+00 	2.997856e+00 	5.468050e-03 	6.092182e-03 	6.174477e-03 	1.416660e+03 
44 	184374.201734 	4.880350e-01 	2.270198e+00 	2.988064e+00 	5.539607e-03 	6.177355e-03 	6.261818e-03 	1.357942e+03 
45 	185676.073264 	4.830765e-01 	2.260478e+00 	2.978354e+00 	5.611757e-03 	6.263361e-03 	6.350039e-03 	1.301872e+03 
46 	186924.395869 	4.781687e-01 	2.250840e+00 	2.968727e+00 	5.684499e-03 	6.350201e-03 	6.439143e-03 	1.248323e+03 
47 	188121.569219 	4.733112e-01 	2.241284e+00 	2.959181e+00 	5.757834e-03 	6.437878e-03 	6.529133e-03 	1.197173e+03 
48 	189269.877783 	4.685034e-01 	2.231808e+00 	2.949716e+00 	5.831761e-03 	6.526394e-03 	6.620014e-03 	1.148309e+03 
49 	190371.496689 	4.637449e-01 	2.222412e+00 	2.940330e+00 	5.906279e-03 	6.615753e-03 	6.711787e-03 	1.101619e+03 
50 	191428.497263 	4.590351e-01 	2.213095e+00 	2.931023e+00 	5.981389e-03 	6.705957e-03 	6.804457e-03 	1.057001e+03 
51 	192442.852281 	4.543735e-01 	2.203856e+00 	2.921794e+00 	6.057090e-03 	6.797008e-03 	6.898028e-03 	1.014355e+03 
52 	193416.440937 	4.497596e-01 	2.194694e+00 	2.912642e+00 	6.133381e-03 	6.888908e-03 	6.992501e-03 	9.735887e+02 
53 	194351.053550 	4.451929e-01 	2.185609e+00 	2.903567e+00 	6.210261e-03 	6.981660e-03 	7.087881e-03 	9.346126e+02 
54 	195248.396021 	4.406729e-01 	2.176599e+00 	2.894568e+00 	6.287730e-03 	7.075266e-03 	7.184170e-03 	8.973425e+02 
55 	196110.094056 	4.361992e-01 	2.167665e+00 	2.885643e+00 	6.365787e-03 	7.169729e-03 	7.281372e-03 	8.616980e+02 
56 	196937.697166 	4.317713e-01 	2.158804e+00 	2.876792e+00 	6.444431e-03 	7.265050e-03 	7.379490e-03 	8.276031e+02 
57 	197732.682457 	4.273886e-01 	2.150017e+00 	2.868015e+00 	6.523662e-03 	7.361232e-03 	7.478527e-03 	7.949853e+02 
58 	198496.458224 	4.230508e-01 	2.141302e+00 	2.859310e+00 	6.603477e-03 	7.458277e-03 	7.578485e-03 	7.637758e+02 
59 	199230.367355 	4.187574e-01 	2.132659e+00 	2.850677e+00 	6.683877e-03 	7.556186e-03 	7.679368e-03 	7.339091e+02 
60 	199935.690556 	4.145079e-01 	2.124088e+00 	2.842115e+00 	6.764860e-03 	7.654962e-03 	7.781178e-03 	7.053232e+02 
61 	200613.649414 	4.103018e-01 	2.115586e+00 	2.833623e+00 	6.846426e-03 	7.754607e-03 	7.883919e-03 	6.779589e+02 
62 	201265.409295 	4.061387e-01 	2.107155e+00 	2.825201e+00 	6.928571e-03 	7.855122e-03 	7.987593e-03 	6.517599e+02 
63 	201892.082098 	4.020182e-01 	2.098792e+00 	2.816848e+00 	7.011297e-03 	7.956510e-03 	8.092203e-03 	6.266728e+02 
64 	202494.728863 	3.979398e-01 	2.090497e+00 	2.808563e+00 	7.094600e-03 	8.058771e-03 	8.197752e-03 	6.026468e+02 
65 	203074.362245 	3.939031e-01 	2.082270e+00 	2.800346e+00 	7.178480e-03 	8.161908e-03 	8.304242e-03 	5.796334e+02 
66 	203631.948863 	3.899077e-01 	2.074110e+00 	2.792195e+00 	7.262936e-03 	8.265923e-03 	8.411676e-03 	5.575866e+02 
67 	204168.411530 	3.859531e-01 	2.066016e+00 	2.784111e+00 	7.347965e-03 	8.370817e-03 	8.520056e-03 	5.364627e+02 
68 	204684.631364 	3.820389e-01 	2.057988e+00 	2.776092e+00 	7.433566e-03 	8.476591e-03 	8.629385e-03 	5.162198e+02 
69 	205181.449797 	3.781648e-01 	2.050024e+00 	2.768138e+00 	7.519738e-03 	8.583247e-03 	8.739666e-03 	4.968184e+02 
70 	205659.670478 	3.743301e-01 	2.042125e+00 	2.760248e+00 	7.606478e-03 	8.690787e-03 	8.850901e-03 	4.782207e+02 
71 	206120.061082 	3.705347e-01 	2.034289e+00 	2.752421e+00 	7.693786e-03 	8.799211e-03 	8.963093e-03 	4.603906e+02 
72 	206563.355028 	3.667781e-01 	2.026516e+00 	2.744657e+00 	7.781659e-03 	8.908522e-03 	9.076243e-03 	4.432939e+02 
73 	206990.253107 	3.630598e-01 	2.018805e+00 	2.736955e+00 	7.870095e-03 	9.018720e-03 	9.190354e-03 	4.268981e+02 
74 	207401.425034 	3.593795e-01 	2.011156e+00 	2.729315e+00 	7.959093e-03 	9.129807e-03 	9.305429e-03 	4.111719e+02 
75 	207797.510913 	3.557367e-01 	2.003568e+00 	2.721736e+00 	8.048650e-03 	9.241784e-03 	9.421469e-03 	3.960859e+02 
76 	208179.122640 	3.521312e-01 	1.996040e+00 	2.714217e+00 	8.138765e-03 	9.354653e-03 	9.538478e-03 	3.816117e+02 
77 	208546.845230 	3.485625e-01 	1.988571e+00 	2.706758e+00 	8.229434e-03 	9.468413e-03 	9.656456e-03 	3.677226e+02 
78 	208901.238073 	3.450302e-01 	1.981162e+00 	2.699358e+00 	8.320657e-03 	9.583067e-03 	9.775407e-03 	3.543928e+02 
79 	209242.836139 	3.415340e-01 	1.973812e+00 	2.692016e+00 	8.412431e-03 	9.698615e-03 	9.895331e-03 	3.415981e+02 
80 	209572.151115 	3.380734e-01 	1.966519e+00 	2.684733e+00 	8.504754e-03 	9.815058e-03 	1.001623e-02 	3.293150e+02 
81 	209889.672489 	3.346482e-01 	1.959284e+00 	2.677506e+00 	8.597623e-03 	9.932398e-03 	1.013811e-02 	3.175214e+02 
82 	210195.868579 	3.312579e-01 	1.952105e+00 	2.670337e+00 	8.691036e-03 	1.005063e-02 	1.026097e-02 	3.061961e+02 
83 	210491.187512 	3.279023e-01 	1.944983e+00 	2.663223e+00 	8.784991e-03 	1.016977e-02 	1.038481e-02 	2.953189e+02 
84 	210776.058159 	3.245808e-01 	1.937916e+00 	2.656165e+00 	8.879485e-03 	1.028980e-02 	1.050964e-02 	2.848706e+02 
85 	211050.891014 	3.212933e-01 	1.930904e+00 	2.649162e+00 	8.974516e-03 	1.041074e-02 	1.063545e-02 	2.748329e+02 
86 	211316.079046 	3.180393e-01 	1.923947e+00 	2.642214e+00 	9.070080e-03 	1.053257e-02 	1.076225e-02 	2.651880e+02 
87 	211571.998492 	3.148185e-01 	1.917044e+00 	2.635319e+00 	9.166177e-03 	1.065530e-02 	1.089004e-02 	2.559194e+02 
88 	211819.009626 	3.116305e-01 	1.910194e+00 	2.628478e+00 	9.262802e-03 	1.077894e-02 	1.101883e-02 	2.470111e+02 
89 	212057.457480 	3.084750e-01 	1.903397e+00 	2.621690e+00 	9.359953e-03 	1.090348e-02 	1.114860e-02 	2.384479e+02 
90 	212287.672541 	3.053517e-01 	1.896653e+00 	2.614954e+00 	9.457628e-03 	1.102892e-02 	1.127937e-02 	2.302151e+02 
91 	212509.971404 	3.022603e-01 	1.889960e+00 	2.608270e+00 	9.555823e-03 	1.115526e-02 	1.141114e-02 	2.222989e+02 
92 	212724.657399 	2.992004e-01 	1.883319e+00 	2.601637e+00 	9.654536e-03 	1.128251e-02 	1.154390e-02 	2.146860e+02 
93 	212932.021189 	2.961717e-01 	1.876728e+00 	2.595055e+00 	9.753764e-03 	1.141066e-02 	1.167767e-02 	2.073638e+02 
94 	213132.341337 	2.931738e-01 	1.870188e+00 	2.588523e+00 	9.853504e-03 	1.153971e-02 	1.181243e-02 	2.003201e+02 
95 	213325.884846 	2.902065e-01 	1.863697e+00 	2.582041e+00 	9.953753e-03 	1.166967e-02 	1.194820e-02 	1.935435e+02 
96 	213512.907676 	2.872694e-01 	1.857256e+00 	2.575608e+00 	1.005451e-02 	1.180054e-02 	1.208498e-02 	1.870228e+02 
97 	213693.655233 	2.843623e-01 	1.850864e+00 	2.569224e+00 	1.015577e-02 	1.193231e-02 	1.222276e-02 	1.807476e+02 
98 	213868.362836 	2.814848e-01 	1.844520e+00 	2.562888e+00 	1.025752e-02 	1.206498e-02 	1.236155e-02 	1.747076e+02 
99 	214037.256166 	2.786366e-01 	1.838223e+00 	2.556600e+00 	1.035978e-02 	1.219857e-02 	1.250134e-02 	1.688933e+02 
100 	214200.551687 	2.758174e-01 	1.831974e+00 	2.550359e+00 	1.046253e-02 	1.233305e-02 	1.264215e-02 	1.632955e+02 
101 	214358.457052 	2.730270e-01 	1.825772e+00 	2.544165e+00 	1.056576e-02 	1.246845e-02 	1.278397e-02 	1.579054e+02 
102 	214511.171489 	2.702650e-01 	1.819617e+00 	2.538018e+00 	1.066949e-02 	1.260475e-02 	1.292681e-02 	1.527144e+02 
103 	214658.886171 	2.675310e-01 	1.813507e+00 	2.531916e+00 	1.077370e-02 	1.274196e-02 	1.307065e-02 	1.477147e+02 
104 	214801.784562 	2.648250e-01 	1.807443e+00 	2.525860e+00 	1.087839e-02 	1.288007e-02 	1.321552e-02 	1.428984e+02 
105 	214940.042756 	2.621465e-01 	1.801424e+00 	2.519849e+00 	1.098356e-02 	1.301909e-02 	1.336140e-02 	1.382582e+02 
106 	215073.829794 	2.594952e-01 	1.795449e+00 	2.513882e+00 	1.108920e-02 	1.315902e-02 	1.350830e-02 	1.337870e+02 
107 	215203.307967 	2.568710e-01 	1.789519e+00 	2.507960e+00 	1.119531e-02 	1.329985e-02 	1.365622e-02 	1.294782e+02 
108 	215328.633111 	2.542734e-01 	1.783632e+00 	2.502081e+00 	1.130188e-02 	1.344159e-02 	1.380516e-02 	1.253251e+02 
109 	215449.954879 	2.517023e-01 	1.777789e+00 	2.496246e+00 	1.140893e-02 	1.358424e-02 	1.395513e-02 	1.213218e+02 
110 	215567.417008 	2.491574e-01 	1.771989e+00 	2.490454e+00 	1.151643e-02 	1.372779e-02 	1.410612e-02 	1.174621e+02 
111 	215681.157571 	2.466384e-01 	1.766231e+00 	2.484703e+00 	1.162438e-02 	1.387225e-02 	1.425813e-02 	1.137406e+02 
112 	215791.309218 	2.441450e-01 	1.760515e+00 	2.478995e+00 	1.173279e-02 	1.401761e-02 	1.441117e-02 	1.101516e+02 
113 	215897.999406 	2.416770e-01 	1.754840e+00 	2.473329e+00 	1.184165e-02 	1.416388e-02 	1.456523e-02 	1.066902e+02 
114 	216001.350617 	2.392341e-01 	1.749207e+00 	2.467704e+00 	1.195096e-02 	1.431106e-02 	1.472033e-02 	1.033512e+02 
115 	216101.480571 	2.368160e-01 	1.743615e+00 	2.462119e+00 	1.206070e-02 	1.445914e-02 	1.487646e-02 	1.001300e+02 
116 	216198.502422 	2.344225e-01 	1.738063e+00 	2.456575e+00 	1.217089e-02 	1.460813e-02 	1.503361e-02 	9.702185e+01 
117 	216292.524952 	2.320534e-01 	1.732551e+00 	2.451071e+00 	1.228150e-02 	1.475802e-02 	1.519180e-02 	9.402253e+01 
118 	216383.652754 	2.297084e-01 	1.727079e+00 	2.445606e+00 	1.239255e-02 	1.490882e-02 	1.535102e-02 	9.112780e+01 
119 	216471.986405 	2.273872e-01 	1.721646e+00 	2.440181e+00 	1.250403e-02 	1.506052e-02 	1.551128e-02 	8.833365e+01 
120 	216557.622634 	2.250896e-01 	1.716252e+00 	2.434794e+00 	1.261593e-02 	1.521312e-02 	1.567257e-02 	8.563623e+01 
121 	216640.654478 	2.228154e-01 	1.710897e+00 	2.429446e+00 	1.272824e-02 	1.536663e-02 	1.583490e-02 	8.303184e+01 
122 	216721.171440 	2.205643e-01 	1.705579e+00 	2.424137e+00 	1.284098e-02 	1.552104e-02 	1.599826e-02 	8.051696e+01 
123 	216799.259632 	2.183360e-01 	1.700300e+00 	2.418864e+00 	1.295412e-02 	1.567636e-02 	1.616266e-02 	7.808819e+01 
124 	216875.001911 	2.161305e-01 	1.695057e+00 	2.413629e+00 	1.306767e-02 	1.583258e-02 	1.632811e-02 	7.574228e+01 
125 	216948.478016 	2.139473e-01 	1.689852e+00 	2.408432e+00 	1.318162e-02 	1.598970e-02 	1.649459e-02 	7.347611e+01 
126 	217019.764696 	2.117863e-01 	1.684683e+00 	2.403270e+00 	1.329598e-02 	1.614772e-02 	1.666212e-02 	7.128668e+01 
127 	217088.935828 	2.096473e-01 	1.679551e+00 	2.398145e+00 	1.341073e-02 	1.630664e-02 	1.683069e-02 	6.917113e+01 
128 	217156.062534 	2.075301e-01 	1.674455e+00 	2.393056e+00 	1.352587e-02 	1.646647e-02 	1.700031e-02 	6.712671e+01 
129 	217221.213298 	2.054343e-01 	1.669394e+00 	2.388003e+00 	1.364139e-02 	1.662719e-02 	1.717097e-02 	6.515076e+01 
130 	217284.454062 	2.033598e-01 	1.664368e+00 	2.382985e+00 	1.375731e-02 	1.678882e-02 	1.734267e-02 	6.324076e+01 
131 	217345.848340 	2.013064e-01 	1.659378e+00 	2.378001e+00 	1.387360e-02 	1.695135e-02 	1.751542e-02 	6.139428e+01 
132 	217405.457305 	1.992739e-01 	1.654422e+00 	2.373053e+00 	1.399026e-02 	1.711477e-02 	1.768923e-02 	5.960897e+01 
133 	217463.339890 	1.972620e-01 	1.649500e+00 	2.368138e+00 	1.410730e-02 	1.727910e-02 	1.786408e-02 	5.788258e+01 
134 	217519.552872 	1.952705e-01 	1.644612e+00 	2.363258e+00 	1.422470e-02 	1.744432e-02 	1.803998e-02 	5.621298e+01 
135 	217574.150961 	1.932993e-01 	1.639758e+00 	2.358411e+00 	1.434247e-02 	1.761044e-02 	1.821694e-02 	5.459809e+01 
136 	217627.186880 	1.913480e-01 	1.634937e+00 	2.353597e+00 	1.446059e-02 	1.777746e-02 	1.839494e-02 	5.303592e+01 
137 	217678.711446 	1.894166e-01 	1.630149e+00 	2.348816e+00 	1.457907e-02 	1.794538e-02 	1.857400e-02 	5.152457e+01 
138 	217728.773640 	1.875048e-01 	1.625394e+00 	2.344068e+00 	1.469790e-02 	1.811419e-02 	1.875412e-02 	5.006219e+01 
139 	217777.420684 	1.856124e-01 	1.620671e+00 	2.339352e+00 	1.481708e-02 	1.828390e-02 	1.893529e-02 	4.864704e+01 
140 	217824.698108 	1.837392e-01 	1.615980e+00 	2.334668e+00 	1.493660e-02 	1.845450e-02 	1.911753e-02 	4.727742e+01 
141 	217870.649817 	1.818850e-01 	1.611321e+00 	2.330016e+00 	1.505645e-02 	1.862600e-02 	1.930081e-02 	4.595171e+01 
