i 	 t 	 J_r 	 J_theta 	 J_phi 	 Omega_r 	 Omega_theta 	 Omega_phi 	 dt 
------------
0 	1.000000 	0.410008 	3.820957 	2.840103 	0.002914 	0.003120 	0.003141 	0.010830 
1 	5149.164395 	4.058709e-01 	3.811609e+00 	2.830756e+00 	2.942949e-03 	3.152454e-03 	3.173025e-03 	5.148164e+03 
2 	10137.685264 	4.017689e-01 	3.802312e+00 	2.821460e+00 	2.971834e-03 	3.184728e-03 	3.205694e-03 	4.988521e+03 
3 	14971.918197 	3.977085e-01 	3.793081e+00 	2.812230e+00 	3.000872e-03 	3.217196e-03 	3.238565e-03 	4.834233e+03 
4 	19657.261808 	3.936894e-01 	3.783915e+00 	2.803065e+00 	3.030064e-03 	3.249859e-03 	3.271635e-03 	4.685344e+03 
5 	24198.908544 	3.897112e-01 	3.774814e+00 	2.793964e+00 	3.059408e-03 	3.282716e-03 	3.304906e-03 	4.541647e+03 
6 	28601.851067 	3.857735e-01 	3.765776e+00 	2.784928e+00 	3.088905e-03 	3.315768e-03 	3.338378e-03 	4.402943e+03 
7 	32870.890562 	3.818758e-01 	3.756801e+00 	2.775954e+00 	3.118554e-03 	3.349013e-03 	3.372050e-03 	4.269039e+03 
8 	37010.644702 	3.780177e-01 	3.747889e+00 	2.767042e+00 	3.148355e-03 	3.382453e-03 	3.405922e-03 	4.139754e+03 
9 	41025.555249 	3.741989e-01 	3.739038e+00 	2.758193e+00 	3.178308e-03 	3.416087e-03 	3.439995e-03 	4.014911e+03 
10 	44919.895329 	3.704189e-01 	3.730249e+00 	2.749405e+00 	3.208412e-03 	3.449915e-03 	3.474268e-03 	3.894340e+03 
11 	48697.776374 	3.666773e-01 	3.721521e+00 	2.740677e+00 	3.238666e-03 	3.483938e-03 	3.508742e-03 	3.777881e+03 
12 	52363.154767 	3.629737e-01 	3.712852e+00 	2.732010e+00 	3.269071e-03 	3.518154e-03 	3.543416e-03 	3.665378e+03 
13 	55919.838186 	3.593078e-01 	3.704244e+00 	2.723402e+00 	3.299626e-03 	3.552564e-03 	3.578291e-03 	3.556683e+03 
14 	59371.491680 	3.556791e-01 	3.695694e+00 	2.714852e+00 	3.330331e-03 	3.587167e-03 	3.613366e-03 	3.451653e+03 
15 	62721.643468 	3.520873e-01 	3.687202e+00 	2.706362e+00 	3.361185e-03 	3.621965e-03 	3.648642e-03 	3.350152e+03 
16 	65973.690493 	3.485320e-01 	3.678768e+00 	2.697928e+00 	3.392188e-03 	3.656956e-03 	3.684118e-03 	3.252047e+03 
17 	69130.903730 	3.450128e-01 	3.670392e+00 	2.689553e+00 	3.423339e-03 	3.692140e-03 	3.719795e-03 	3.157213e+03 
18 	72196.433266 	3.415294e-01 	3.662072e+00 	2.681233e+00 	3.454639e-03 	3.727519e-03 	3.755671e-03 	3.065530e+03 
19 	75173.313161 	3.380814e-01 	3.653808e+00 	2.672970e+00 	3.486086e-03 	3.763090e-03 	3.791749e-03 	2.976880e+03 
20 	78064.466095 	3.346683e-01 	3.645600e+00 	2.664762e+00 	3.517681e-03 	3.798855e-03 	3.828027e-03 	2.891153e+03 
21 	80872.707819 	3.312900e-01 	3.637447e+00 	2.656610e+00 	3.549423e-03 	3.834813e-03 	3.864505e-03 	2.808242e+03 
22 	83600.751416 	3.279459e-01 	3.629348e+00 	2.648511e+00 	3.581312e-03 	3.870965e-03 	3.901183e-03 	2.728044e+03 
23 	86251.211374 	3.246358e-01 	3.621303e+00 	2.640467e+00 	3.613347e-03 	3.907309e-03 	3.938062e-03 	2.650460e+03 
24 	88826.607490 	3.213593e-01 	3.613312e+00 	2.632476e+00 	3.645528e-03 	3.943846e-03 	3.975141e-03 	2.575396e+03 
25 	91329.368610 	3.181161e-01 	3.605373e+00 	2.624538e+00 	3.677854e-03 	3.980577e-03 	4.012420e-03 	2.502761e+03 
26 	93761.836204 	3.149058e-01 	3.597487e+00 	2.616653e+00 	3.710325e-03 	4.017500e-03 	4.049900e-03 	2.432468e+03 
27 	96126.267792 	3.117280e-01 	3.589653e+00 	2.608819e+00 	3.742941e-03 	4.054616e-03 	4.087580e-03 	2.364432e+03 
28 	98424.840230 	3.085826e-01 	3.581870e+00 	2.601037e+00 	3.775702e-03 	4.091924e-03 	4.125460e-03 	2.298572e+03 
29 	100659.652852 	3.054690e-01 	3.574139e+00 	2.593305e+00 	3.808606e-03 	4.129426e-03 	4.163541e-03 	2.234813e+03 
30 	102832.730484 	3.023871e-01 	3.566457e+00 	2.585624e+00 	3.841654e-03 	4.167119e-03 	4.201822e-03 	2.173078e+03 
31 	104946.026329 	2.993364e-01 	3.558826e+00 	2.577993e+00 	3.874845e-03 	4.205005e-03 	4.240303e-03 	2.113296e+03 
32 	107001.424734 	2.963166e-01 	3.551244e+00 	2.570411e+00 	3.908179e-03 	4.243084e-03 	4.278984e-03 	2.055398e+03 
33 	109000.743841 	2.933276e-01 	3.543711e+00 	2.562878e+00 	3.941655e-03 	4.281354e-03 	4.317865e-03 	1.999319e+03 
34 	110945.738129 	2.903688e-01 	3.536226e+00 	2.555394e+00 	3.975273e-03 	4.319817e-03 	4.356947e-03 	1.944994e+03 
35 	112838.100849 	2.874400e-01 	3.528790e+00 	2.547958e+00 	4.009033e-03 	4.358472e-03 	4.396228e-03 	1.892363e+03 
36 	114679.466361 	2.845409e-01 	3.521401e+00 	2.540569e+00 	4.042934e-03 	4.397319e-03 	4.435710e-03 	1.841366e+03 
37 	116471.412372 	2.816713e-01 	3.514060e+00 	2.533228e+00 	4.076975e-03 	4.436358e-03 	4.475392e-03 	1.791946e+03 
38 	118215.462086 	2.788307e-01 	3.506765e+00 	2.525933e+00 	4.111157e-03 	4.475588e-03 	4.515274e-03 	1.744050e+03 
39 	119913.086262 	2.760190e-01 	3.499516e+00 	2.518685e+00 	4.145479e-03 	4.515010e-03 	4.555356e-03 	1.697624e+03 
40 	121565.705193 	2.732357e-01 	3.492313e+00 	2.511482e+00 	4.179941e-03 	4.554624e-03 	4.595639e-03 	1.652619e+03 
41 	123174.690599 	2.704807e-01 	3.485156e+00 	2.504324e+00 	4.214542e-03 	4.594430e-03 	4.636121e-03 	1.608985e+03 
42 	124741.367446 	2.677536e-01 	3.478043e+00 	2.497212e+00 	4.249281e-03 	4.634427e-03 	4.676804e-03 	1.566677e+03 
43 	126267.015696 	2.650541e-01 	3.470975e+00 	2.490144e+00 	4.284159e-03 	4.674616e-03 	4.717686e-03 	1.525648e+03 
44 	127752.871974 	2.623820e-01 	3.463952e+00 	2.483120e+00 	4.319175e-03 	4.714995e-03 	4.758769e-03 	1.485856e+03 
45 	129200.131185 	2.597370e-01 	3.456972e+00 	2.476140e+00 	4.354329e-03 	4.755567e-03 	4.800052e-03 	1.447259e+03 
46 	130609.948050 	2.571188e-01 	3.450035e+00 	2.469203e+00 	4.389620e-03 	4.796329e-03 	4.841535e-03 	1.409817e+03 
47 	131983.438591 	2.545271e-01 	3.443141e+00 	2.462309e+00 	4.425047e-03 	4.837283e-03 	4.883219e-03 	1.373491e+03 
48 	133321.681556 	2.519616e-01 	3.436290e+00 	2.455458e+00 	4.460612e-03 	4.878428e-03 	4.925102e-03 	1.338243e+03 
49 	134625.719779 	2.494222e-01 	3.429480e+00 	2.448648e+00 	4.496312e-03 	4.919764e-03 	4.967186e-03 	1.304038e+03 
50 	135896.561498 	2.469085e-01 	3.422713e+00 	2.441880e+00 	4.532148e-03 	4.961290e-03 	5.009470e-03 	1.270842e+03 
51 	137135.181611 	2.444202e-01 	3.415986e+00 	2.435154e+00 	4.568119e-03 	5.003008e-03 	5.051954e-03 	1.238620e+03 
52 	138342.522892 	2.419572e-01 	3.409301e+00 	2.428468e+00 	4.604225e-03 	5.044917e-03 	5.094638e-03 	1.207341e+03 
53 	139519.497146 	2.395191e-01 	3.402656e+00 	2.421823e+00 	4.640466e-03 	5.087017e-03 	5.137523e-03 	1.176974e+03 
54 	140666.986334 	2.371057e-01 	3.396052e+00 	2.415218e+00 	4.676841e-03 	5.129307e-03 	5.180608e-03 	1.147489e+03 
55 	141785.843643 	2.347167e-01 	3.389487e+00 	2.408653e+00 	4.713350e-03 	5.171788e-03 	5.223894e-03 	1.118857e+03 
56 	142876.894520 	2.323519e-01 	3.382961e+00 	2.402127e+00 	4.749992e-03 	5.214460e-03 	5.267380e-03 	1.091051e+03 
57 	143940.937660 	2.300111e-01 	3.376475e+00 	2.395641e+00 	4.786767e-03 	5.257323e-03 	5.311066e-03 	1.064043e+03 
58 	144978.745966 	2.276939e-01 	3.370027e+00 	2.389193e+00 	4.823675e-03 	5.300376e-03 	5.354953e-03 	1.037808e+03 
59 	145991.067459 	2.254002e-01 	3.363618e+00 	2.382783e+00 	4.860716e-03 	5.343620e-03 	5.399040e-03 	1.012321e+03 
60 	146978.626165 	2.231297e-01 	3.357247e+00 	2.376411e+00 	4.897888e-03 	5.387055e-03 	5.443328e-03 	9.875587e+02 
61 	147942.122958 	2.208823e-01 	3.350913e+00 	2.370077e+00 	4.935192e-03 	5.430680e-03 	5.487817e-03 	9.634968e+02 
62 	148882.236380 	2.186575e-01 	3.344617e+00 	2.363780e+00 	4.972627e-03 	5.474495e-03 	5.532507e-03 	9.401134e+02 
63 	149799.623419 	2.164553e-01 	3.338357e+00 	2.357520e+00 	5.010193e-03 	5.518502e-03 	5.577397e-03 	9.173870e+02 
64 	150694.920271 	2.142753e-01 	3.332135e+00 	2.351297e+00 	5.047889e-03 	5.562699e-03 	5.622488e-03 	8.952969e+02 
65 	151568.743056 	2.121174e-01 	3.325948e+00 	2.345110e+00 	5.085716e-03 	5.607086e-03 	5.667781e-03 	8.738228e+02 
66 	152421.688525 	2.099814e-01 	3.319798e+00 	2.338959e+00 	5.123672e-03 	5.651664e-03 	5.713274e-03 	8.529455e+02 
67 	153254.334726 	2.078669e-01 	3.313683e+00 	2.332844e+00 	5.161758e-03 	5.696433e-03 	5.758969e-03 	8.326462e+02 
68 	154067.241654 	2.057739e-01 	3.307603e+00 	2.326763e+00 	5.199973e-03 	5.741392e-03 	5.804864e-03 	8.129069e+02 
69 	154860.951869 	2.037020e-01 	3.301558e+00 	2.320718e+00 	5.238317e-03 	5.786542e-03 	5.850962e-03 	7.937102e+02 
70 	155635.991101 	2.016511e-01 	3.295549e+00 	2.314708e+00 	5.276789e-03 	5.831882e-03 	5.897260e-03 	7.750392e+02 
71 	156392.868821 	1.996209e-01 	3.289573e+00 	2.308731e+00 	5.315390e-03 	5.877414e-03 	5.943761e-03 	7.568777e+02 
72 	157132.078797 	1.976112e-01 	3.283631e+00 	2.302789e+00 	5.354118e-03 	5.923135e-03 	5.990463e-03 	7.392100e+02 
73 	157854.099634 	1.956219e-01 	3.277724e+00 	2.296881e+00 	5.392973e-03 	5.969048e-03 	6.037366e-03 	7.220208e+02 
74 	158559.395281 	1.936527e-01 	3.271849e+00 	2.291006e+00 	5.431956e-03 	6.015151e-03 	6.084472e-03 	7.052956e+02 
75 	159248.415530 	1.917034e-01 	3.266008e+00 	2.285164e+00 	5.471065e-03 	6.061445e-03 	6.131780e-03 	6.890202e+02 
76 	159921.596497 	1.897737e-01 	3.260200e+00 	2.279355e+00 	5.510301e-03 	6.107930e-03 	6.179290e-03 	6.731810e+02 
77 	160579.361077 	1.878637e-01 	3.254424e+00 	2.273578e+00 	5.549663e-03 	6.154605e-03 	6.227002e-03 	6.577646e+02 
78 	161222.119388 	1.859729e-01 	3.248680e+00 	2.267833e+00 	5.589151e-03 	6.201472e-03 	6.274917e-03 	6.427583e+02 
79 	161850.269201 	1.841012e-01 	3.242969e+00 	2.262121e+00 	5.628765e-03 	6.248530e-03 	6.323035e-03 	6.281498e+02 
80 	162464.196348 	1.822484e-01 	3.237289e+00 	2.256440e+00 	5.668503e-03 	6.295778e-03 	6.371356e-03 	6.139271e+02 
81 	163064.275122 	1.804144e-01 	3.231640e+00 	2.250791e+00 	5.708367e-03 	6.343218e-03 	6.419879e-03 	6.000788e+02 
82 	163650.868655 	1.785989e-01 	3.226023e+00 	2.245172e+00 	5.748355e-03 	6.390849e-03 	6.468606e-03 	5.865935e+02 
83 	164224.329291 	1.768018e-01 	3.220436e+00 	2.239585e+00 	5.788467e-03 	6.438672e-03 	6.517536e-03 	5.734606e+02 
84 	164784.998938 	1.750228e-01 	3.214880e+00 	2.234028e+00 	5.828703e-03 	6.486685e-03 	6.566669e-03 	5.606696e+02 
85 	165333.209410 	1.732617e-01 	3.209354e+00 	2.228501e+00 	5.869064e-03 	6.534891e-03 	6.616006e-03 	5.482105e+02 
86 	165869.282761 	1.715185e-01 	3.203858e+00 	2.223005e+00 	5.909547e-03 	6.583288e-03 	6.665548e-03 	5.360734e+02 
87 	166393.531600 	1.697929e-01 	3.198393e+00 	2.217538e+00 	5.950154e-03 	6.631876e-03 	6.715293e-03 	5.242488e+02 
88 	166906.259399 	1.680847e-01 	3.192956e+00 	2.212100e+00 	5.990883e-03 	6.680657e-03 	6.765243e-03 	5.127278e+02 
89 	167407.760790 	1.663938e-01 	3.187549e+00 	2.206692e+00 	6.031735e-03 	6.729629e-03 	6.815397e-03 	5.015014e+02 
90 	167898.321849 	1.647199e-01 	3.182171e+00 	2.201313e+00 	6.072709e-03 	6.778793e-03 	6.865756e-03 	4.905611e+02 
91 	168378.220374 	1.630630e-01 	3.176821e+00 	2.195962e+00 	6.113806e-03 	6.828150e-03 	6.916320e-03 	4.798985e+02 
92 	168847.726150 	1.614228e-01 	3.171500e+00 	2.190640e+00 	6.155024e-03 	6.877699e-03 	6.967089e-03 	4.695058e+02 
93 	169307.101204 	1.597991e-01 	3.166207e+00 	2.185346e+00 	6.196363e-03 	6.927440e-03 	7.018064e-03 	4.593751e+02 
94 	169756.600055 	1.581918e-01 	3.160943e+00 	2.180080e+00 	6.237824e-03 	6.977374e-03 	7.069244e-03 	4.494989e+02 
95 	170196.469953 	1.566008e-01 	3.155706e+00 	2.174842e+00 	6.279405e-03 	7.027501e-03 	7.120631e-03 	4.398699e+02 
96 	170626.951107 	1.550259e-01 	3.150496e+00 	2.169631e+00 	6.321108e-03 	7.077821e-03 	7.172224e-03 	4.304812e+02 
97 	171048.276911 	1.534668e-01 	3.145314e+00 	2.164448e+00 	6.362931e-03 	7.128334e-03 	7.224023e-03 	4.213258e+02 
98 	171460.674158 	1.519235e-01 	3.140159e+00 	2.159292e+00 	6.404874e-03 	7.179040e-03 	7.276029e-03 	4.123972e+02 
99 	171864.363246 	1.503957e-01 	3.135030e+00 	2.154162e+00 	6.446936e-03 	7.229940e-03 	7.328242e-03 	4.036891e+02 
100 	172259.558381 	1.488834e-01 	3.129928e+00 	2.149059e+00 	6.489119e-03 	7.281033e-03 	7.380663e-03 	3.951951e+02 
101 	172646.467770 	1.473863e-01 	3.124853e+00 	2.143982e+00 	6.531421e-03 	7.332320e-03 	7.433291e-03 	3.869094e+02 
102 	173025.293806 	1.459044e-01 	3.119804e+00 	2.138932e+00 	6.573842e-03 	7.383801e-03 	7.486128e-03 	3.788260e+02 
103 	173396.233250 	1.444374e-01 	3.114780e+00 	2.133907e+00 	6.616383e-03 	7.435476e-03 	7.539172e-03 	3.709394e+02 
104 	173759.477407 	1.429852e-01 	3.109782e+00 	2.128908e+00 	6.659042e-03 	7.487346e-03 	7.592426e-03 	3.632442e+02 
105 	174115.212292 	1.415476e-01 	3.104810e+00 	2.123934e+00 	6.701819e-03 	7.539410e-03 	7.645888e-03 	3.557349e+02 
106 	174463.618796 	1.401246e-01 	3.099863e+00 	2.118985e+00 	6.744715e-03 	7.591670e-03 	7.699560e-03 	3.484065e+02 
107 	174804.872838 	1.387159e-01 	3.094941e+00 	2.114062e+00 	6.787729e-03 	7.644124e-03 	7.753441e-03 	3.412540e+02 
108 	175139.145524 	1.373214e-01 	3.090043e+00 	2.109163e+00 	6.830861e-03 	7.696774e-03 	7.807532e-03 	3.342727e+02 
109 	175466.603289 	1.359410e-01 	3.085171e+00 	2.104289e+00 	6.874111e-03 	7.749619e-03 	7.861833e-03 	3.274578e+02 
110 	175787.408039 	1.345746e-01 	3.080322e+00 	2.099439e+00 	6.917478e-03 	7.802661e-03 	7.916346e-03 	3.208048e+02 
111 	176101.717294 	1.332219e-01 	3.075498e+00 	2.094614e+00 	6.960962e-03 	7.855898e-03 	7.971069e-03 	3.143093e+02 
112 	176409.684313 	1.318828e-01 	3.070698e+00 	2.089812e+00 	7.004563e-03 	7.909332e-03 	8.026004e-03 	3.079670e+02 
113 	176711.458228 	1.305573e-01 	3.065922e+00 	2.085034e+00 	7.048282e-03 	7.962962e-03 	8.081150e-03 	3.017739e+02 
114 	177007.184166 	1.292451e-01 	3.061169e+00 	2.080280e+00 	7.092116e-03 	8.016789e-03 	8.136509e-03 	2.957259e+02 
115 	177297.003370 	1.279461e-01 	3.056440e+00 	2.075549e+00 	7.136068e-03 	8.070814e-03 	8.192081e-03 	2.898192e+02 
116 	177581.053312 	1.266603e-01 	3.051733e+00 	2.070841e+00 	7.180135e-03 	8.125036e-03 	8.247865e-03 	2.840499e+02 
117 	177859.467811 	1.253874e-01 	3.047050e+00 	2.066157e+00 	7.224319e-03 	8.179456e-03 	8.303863e-03 	2.784145e+02 
118 	178132.377137 	1.241274e-01 	3.042390e+00 	2.061495e+00 	7.268619e-03 	8.234074e-03 	8.360075e-03 	2.729093e+02 
119 	178399.908117 	1.228800e-01 	3.037752e+00 	2.056855e+00 	7.313034e-03 	8.288890e-03 	8.416501e-03 	2.675310e+02 
120 	178662.184237 	1.216453e-01 	3.033137e+00 	2.052238e+00 	7.357565e-03 	8.343905e-03 	8.473142e-03 	2.622761e+02 
121 	178919.325743 	1.204229e-01 	3.028544e+00 	2.047644e+00 	7.402211e-03 	8.399119e-03 	8.529999e-03 	2.571415e+02 
122 	179171.449730 	1.192129e-01 	3.023973e+00 	2.043071e+00 	7.446973e-03 	8.454532e-03 	8.587070e-03 	2.521240e+02 
123 	179418.670241 	1.180151e-01 	3.019423e+00 	2.038520e+00 	7.491849e-03 	8.510145e-03 	8.644358e-03 	2.472205e+02 
124 	179661.098351 	1.168294e-01 	3.014896e+00 	2.033991e+00 	7.536841e-03 	8.565958e-03 	8.701863e-03 	2.424281e+02 
125 	179898.842258 	1.156556e-01 	3.010390e+00 	2.029483e+00 	7.581947e-03 	8.621972e-03 	8.759585e-03 	2.377439e+02 
126 	180132.007360 	1.144937e-01 	3.005906e+00 	2.024997e+00 	7.627168e-03 	8.678186e-03 	8.817524e-03 	2.331651e+02 
127 	180360.696342 	1.133434e-01 	3.001442e+00 	2.020532e+00 	7.672503e-03 	8.734602e-03 	8.875681e-03 	2.286890e+02 
128 	180585.009254 	1.122048e-01 	2.997000e+00 	2.016088e+00 	7.717953e-03 	8.791219e-03 	8.934057e-03 	2.243129e+02 
129 	180805.043582 	1.110776e-01 	2.992578e+00 	2.011665e+00 	7.763516e-03 	8.848038e-03 	8.992652e-03 	2.200343e+02 
130 	181020.894324 	1.099618e-01 	2.988177e+00 	2.007262e+00 	7.809194e-03 	8.905059e-03 	9.051467e-03 	2.158507e+02 
