i 	 t 	 J_r 	 J_theta 	 J_phi 	 Omega_r 	 Omega_theta 	 Omega_phi 	 dt 
------------
0 	1.000000 	0.482697 	2.798318 	3.790053 	0.002918 	0.003120 	0.003141 	0.010830 
1 	5894.875263 	4.778194e-01 	2.788040e+00 	3.779783e+00 	2.950472e-03 	3.155598e-03 	3.176587e-03 	5.893875e+03 
2 	11586.511260 	4.729820e-01 	2.777821e+00 	3.769572e+00 	2.982746e-03 	3.191497e-03 	3.212933e-03 	5.691636e+03 
3 	17083.321337 	4.681938e-01 	2.767679e+00 	3.759437e+00 	3.015225e-03 	3.227651e-03 	3.249541e-03 	5.496810e+03 
4 	22392.768991 	4.634545e-01 	2.757613e+00 	3.749380e+00 	3.047909e-03 	3.264058e-03 	3.286410e-03 	5.309448e+03 
5 	27522.008809 	4.587635e-01 	2.747622e+00 	3.739397e+00 	3.080797e-03 	3.300718e-03 	3.323540e-03 	5.129240e+03 
6 	32477.896681 	4.541203e-01 	2.737707e+00 	3.729489e+00 	3.113889e-03 	3.337632e-03 	3.360932e-03 	4.955888e+03 
7 	37267.003178 	4.495244e-01 	2.727865e+00 	3.719655e+00 	3.147186e-03 	3.374800e-03 	3.398585e-03 	4.789106e+03 
8 	41895.626334 	4.449754e-01 	2.718096e+00 	3.709895e+00 	3.180685e-03 	3.412221e-03 	3.436499e-03 	4.628623e+03 
9 	46369.803812 	4.404728e-01 	2.708400e+00 	3.700206e+00 	3.214389e-03 	3.449896e-03 	3.474676e-03 	4.474177e+03 
10 	50695.324499 	4.360160e-01 	2.698775e+00 	3.690589e+00 	3.248294e-03 	3.487825e-03 	3.513115e-03 	4.325521e+03 
11 	54877.739545 	4.316047e-01 	2.689222e+00 	3.681044e+00 	3.282403e-03 	3.526007e-03 	3.551816e-03 	4.182415e+03 
12 	58922.372884 	4.272383e-01 	2.679738e+00 	3.671568e+00 	3.316714e-03 	3.564444e-03 	3.590779e-03 	4.044633e+03 
13 	62834.331261 	4.229163e-01 	2.670325e+00 	3.662162e+00 	3.351227e-03 	3.603135e-03 	3.630004e-03 	3.911958e+03 
14 	66618.513784 	4.186384e-01 	2.660980e+00 	3.652825e+00 	3.385941e-03 	3.642079e-03 	3.669493e-03 	3.784183e+03 
15 	70279.621030 	4.144041e-01 	2.651703e+00 	3.643556e+00 	3.420856e-03 	3.681278e-03 	3.709243e-03 	3.661107e+03 
16 	73822.163722 	4.102129e-01 	2.642494e+00 	3.634354e+00 	3.455972e-03 	3.720731e-03 	3.749257e-03 	3.542543e+03 
17 	77250.471010 	4.060644e-01 	2.633351e+00 	3.625219e+00 	3.491289e-03 	3.760437e-03 	3.789534e-03 	3.428307e+03 
18 	80568.698359 	4.019581e-01 	2.624274e+00 	3.616150e+00 	3.526806e-03 	3.800398e-03 	3.830073e-03 	3.318227e+03 
19 	83780.835073 	3.978937e-01 	2.615263e+00 	3.607147e+00 	3.562522e-03 	3.840613e-03 	3.870876e-03 	3.212137e+03 
20 	86890.711474 	3.938706e-01 	2.606317e+00 	3.598208e+00 	3.598438e-03 	3.881082e-03 	3.911942e-03 	3.109876e+03 
21 	89902.005750 	3.898885e-01 	2.597435e+00 	3.589334e+00 	3.634552e-03 	3.921804e-03 	3.953271e-03 	3.011294e+03 
22 	92818.250483 	3.859469e-01 	2.588617e+00 	3.580523e+00 	3.670865e-03 	3.962781e-03 	3.994863e-03 	2.916245e+03 
23 	95642.838882 	3.820454e-01 	2.579861e+00 	3.571774e+00 	3.707376e-03 	4.004011e-03 	4.036719e-03 	2.824588e+03 
24 	98379.030735 	3.781836e-01 	2.571167e+00 	3.563088e+00 	3.744085e-03 	4.045496e-03 	4.078838e-03 	2.736192e+03 
25 	101029.958079 	3.743611e-01 	2.562535e+00 	3.554464e+00 	3.780991e-03 	4.087234e-03 	4.121220e-03 	2.650927e+03 
26 	103598.630622 	3.705776e-01 	2.553964e+00 	3.545900e+00 	3.818093e-03 	4.129226e-03 	4.163867e-03 	2.568673e+03 
27 	106087.940915 	3.668325e-01 	2.545454e+00 	3.537397e+00 	3.855392e-03 	4.171472e-03 	4.206776e-03 	2.489310e+03 
28 	108500.669293 	3.631255e-01 	2.537003e+00 	3.528954e+00 	3.892887e-03 	4.213971e-03 	4.249950e-03 	2.412728e+03 
29 	110839.488584 	3.594562e-01 	2.528611e+00 	3.520569e+00 	3.930577e-03 	4.256724e-03 	4.293387e-03 	2.338819e+03 
30 	113106.968624 	3.558242e-01 	2.520278e+00 	3.512244e+00 	3.968462e-03 	4.299731e-03 	4.337087e-03 	2.267480e+03 
31 	115305.580549 	3.522292e-01 	2.512003e+00 	3.503976e+00 	4.006542e-03 	4.342991e-03 	4.381052e-03 	2.198612e+03 
32 	117437.700912 	3.486707e-01 	2.503786e+00 	3.495766e+00 	4.044816e-03 	4.386504e-03 	4.425280e-03 	2.132120e+03 
33 	119505.615608 	3.451484e-01 	2.495625e+00 	3.487612e+00 	4.083283e-03 	4.430271e-03 	4.469771e-03 	2.067915e+03 
34 	121511.523624 	3.416619e-01 	2.487521e+00 	3.479515e+00 	4.121943e-03 	4.474291e-03 	4.514527e-03 	2.005908e+03 
35 	123457.540628 	3.382109e-01 	2.479472e+00 	3.471474e+00 	4.160797e-03 	4.518564e-03 	4.559546e-03 	1.946017e+03 
36 	125345.702393 	3.347949e-01 	2.471479e+00 	3.463488e+00 	4.199842e-03 	4.563090e-03 	4.604830e-03 	1.888162e+03 
37 	127177.968078 	3.314137e-01 	2.463540e+00 	3.455556e+00 	4.239079e-03 	4.607869e-03 	4.650377e-03 	1.832266e+03 
38 	128956.223359 	3.280668e-01 	2.455655e+00 	3.447679e+00 	4.278507e-03 	4.652901e-03 	4.696188e-03 	1.778255e+03 
39 	130682.283419 	3.247539e-01 	2.447824e+00 	3.439855e+00 	4.318126e-03 	4.698185e-03 	4.742262e-03 	1.726060e+03 
40 	132357.895819 	3.214747e-01 	2.440046e+00 	3.432084e+00 	4.357935e-03 	4.743722e-03 	4.788601e-03 	1.675612e+03 
41 	133984.743236 	3.182289e-01 	2.432321e+00 	3.424365e+00 	4.397934e-03 	4.789512e-03 	4.835203e-03 	1.626847e+03 
42 	135564.446078 	3.150159e-01 	2.424647e+00 	3.416699e+00 	4.438122e-03 	4.835554e-03 	4.882069e-03 	1.579703e+03 
43 	137098.565000 	3.118357e-01 	2.417026e+00 	3.409084e+00 	4.478499e-03 	4.881848e-03 	4.929199e-03 	1.534119e+03 
44 	138588.603292 	3.086877e-01 	2.409455e+00 	3.401520e+00 	4.519064e-03 	4.928395e-03 	4.976593e-03 	1.490038e+03 
45 	140036.009185 	3.055717e-01 	2.401934e+00 	3.394006e+00 	4.559817e-03 	4.975193e-03 	5.024251e-03 	1.447406e+03 
46 	141442.178037 	3.024874e-01 	2.394464e+00 	3.386543e+00 	4.600757e-03 	5.022244e-03 	5.072172e-03 	1.406169e+03 
47 	142808.454443 	2.994343e-01 	2.387043e+00 	3.379129e+00 	4.641884e-03 	5.069546e-03 	5.120357e-03 	1.366276e+03 
48 	144136.134245 	2.964123e-01 	2.379671e+00 	3.371764e+00 	4.683198e-03 	5.117101e-03 	5.168807e-03 	1.327680e+03 
49 	145426.466459 	2.934209e-01 	2.372348e+00 	3.364448e+00 	4.724697e-03 	5.164906e-03 	5.217520e-03 	1.290332e+03 
50 	146680.655119 	2.904600e-01 	2.365072e+00 	3.357179e+00 	4.766381e-03 	5.212964e-03 	5.266496e-03 	1.254189e+03 
51 	147899.861044 	2.875290e-01 	2.357845e+00 	3.349959e+00 	4.808250e-03 	5.261272e-03 	5.315737e-03 	1.219206e+03 
52 	149085.203532 	2.846278e-01 	2.350664e+00 	3.342785e+00 	4.850303e-03 	5.309832e-03 	5.365241e-03 	1.185342e+03 
53 	150237.761981 	2.817561e-01 	2.343531e+00 	3.335658e+00 	4.892540e-03 	5.358644e-03 	5.415009e-03 	1.152558e+03 
54 	151358.577436 	2.789135e-01 	2.336443e+00 	3.328577e+00 	4.934960e-03 	5.407706e-03 	5.465041e-03 	1.120815e+03 
55 	152448.654087 	2.760998e-01 	2.329402e+00 	3.321543e+00 	4.977563e-03 	5.457019e-03 	5.515337e-03 	1.090077e+03 
56 	153508.960685 	2.733146e-01 	2.322405e+00 	3.314553e+00 	5.020348e-03 	5.506583e-03 	5.565897e-03 	1.060307e+03 
57 	154540.431913 	2.705576e-01 	2.315454e+00 	3.307608e+00 	5.063315e-03 	5.556397e-03 	5.616720e-03 	1.031471e+03 
58 	155543.969697 	2.678287e-01 	2.308547e+00 	3.300708e+00 	5.106463e-03 	5.606463e-03 	5.667807e-03 	1.003538e+03 
59 	156520.444457 	2.651274e-01 	2.301684e+00 	3.293852e+00 	5.149792e-03 	5.656778e-03 	5.719159e-03 	9.764748e+02 
60 	157470.696312 	2.624535e-01 	2.294865e+00 	3.287039e+00 	5.193301e-03 	5.707344e-03 	5.770773e-03 	9.502519e+02 
61 	158395.536238 	2.598067e-01 	2.288089e+00 	3.280270e+00 	5.236990e-03 	5.758161e-03 	5.822652e-03 	9.248399e+02 
62 	159295.747166 	2.571868e-01 	2.281356e+00 	3.273544e+00 	5.280857e-03 	5.809227e-03 	5.874795e-03 	9.002109e+02 
63 	160172.085054 	2.545934e-01 	2.274665e+00 	3.266859e+00 	5.324904e-03 	5.860544e-03 	5.927201e-03 	8.763379e+02 
64 	161025.279894 	2.520263e-01 	2.268016e+00 	3.260217e+00 	5.369129e-03 	5.912110e-03 	5.979872e-03 	8.531948e+02 
65 	161856.036698 	2.494853e-01 	2.261409e+00 	3.253617e+00 	5.413531e-03 	5.963926e-03 	6.032806e-03 	8.307568e+02 
66 	162665.036428 	2.469700e-01 	2.254843e+00 	3.247057e+00 	5.458110e-03 	6.015993e-03 	6.086004e-03 	8.089997e+02 
67 	163452.936900 	2.444802e-01 	2.248318e+00 	3.240539e+00 	5.502867e-03 	6.068308e-03 	6.139466e-03 	7.879005e+02 
68 	164220.373641 	2.420156e-01 	2.241833e+00 	3.234060e+00 	5.547799e-03 	6.120874e-03 	6.193193e-03 	7.674367e+02 
69 	164967.960723 	2.395761e-01 	2.235389e+00 	3.227622e+00 	5.592907e-03 	6.173688e-03 	6.247183e-03 	7.475871e+02 
70 	165696.291555 	2.371612e-01 	2.228983e+00 	3.221223e+00 	5.638191e-03 	6.226753e-03 	6.301437e-03 	7.283308e+02 
71 	166405.939643 	2.347708e-01 	2.222618e+00 	3.214864e+00 	5.683649e-03 	6.280066e-03 	6.355956e-03 	7.096481e+02 
72 	167097.459328 	2.324047e-01 	2.216291e+00 	3.208544e+00 	5.729281e-03 	6.333629e-03 	6.410739e-03 	6.915197e+02 
73 	167771.386486 	2.300625e-01 	2.210002e+00 	3.202262e+00 	5.775087e-03 	6.387441e-03 	6.465786e-03 	6.739272e+02 
74 	168428.239204 	2.277440e-01 	2.203752e+00 	3.196018e+00 	5.821066e-03 	6.441502e-03 	6.521097e-03 	6.568527e+02 
75 	169068.518430 	2.254490e-01 	2.197540e+00 	3.189812e+00 	5.867218e-03 	6.495812e-03 	6.576672e-03 	6.402792e+02 
76 	169692.708592 	2.231773e-01 	2.191365e+00 	3.183643e+00 	5.913543e-03 	6.550371e-03 	6.632512e-03 	6.241902e+02 
77 	170301.278202 	2.209286e-01 	2.185227e+00 	3.177511e+00 	5.960039e-03 	6.605179e-03 	6.688617e-03 	6.085696e+02 
78 	170894.680429 	2.187026e-01 	2.179126e+00 	3.171417e+00 	6.006707e-03 	6.660236e-03 	6.744986e-03 	5.934022e+02 
79 	171473.353650 	2.164992e-01 	2.173061e+00 	3.165358e+00 	6.053545e-03 	6.715541e-03 	6.801620e-03 	5.786732e+02 
80 	172037.721983 	2.143181e-01 	2.167032e+00 	3.159336e+00 	6.100554e-03 	6.771096e-03 	6.858518e-03 	5.643683e+02 
81 	172588.195798 	2.121591e-01 	2.161039e+00 	3.153349e+00 	6.147733e-03 	6.826899e-03 	6.915682e-03 	5.504738e+02 
82 	173125.172204 	2.100219e-01 	2.155082e+00 	3.147398e+00 	6.195081e-03 	6.882951e-03 	6.973110e-03 	5.369764e+02 
83 	173649.035525 	2.079064e-01 	2.149159e+00 	3.141482e+00 	6.242599e-03 	6.939251e-03 	7.030803e-03 	5.238633e+02 
84 	174160.157752 	2.058123e-01 	2.143271e+00 	3.135600e+00 	6.290285e-03 	6.995800e-03 	7.088762e-03 	5.111222e+02 
85 	174658.898977 	2.037394e-01 	2.137418e+00 	3.129753e+00 	6.338140e-03 	7.052598e-03 	7.146986e-03 	4.987412e+02 
86 	175145.607818 	2.016875e-01 	2.131599e+00 	3.123940e+00 	6.386162e-03 	7.109645e-03 	7.205475e-03 	4.867088e+02 
87 	175620.621813 	1.996563e-01 	2.125813e+00 	3.118160e+00 	6.434351e-03 	7.166940e-03 	7.264229e-03 	4.750140e+02 
88 	176084.267818 	1.976457e-01 	2.120061e+00 	3.112415e+00 	6.482707e-03 	7.224483e-03 	7.323250e-03 	4.636460e+02 
89 	176536.862374 	1.956554e-01 	2.114342e+00 	3.106702e+00 	6.531230e-03 	7.282275e-03 	7.382536e-03 	4.525946e+02 
90 	176978.712066 	1.936853e-01 	2.108656e+00 	3.101022e+00 	6.579919e-03 	7.340316e-03 	7.442088e-03 	4.418497e+02 
91 	177410.113873 	1.917351e-01 	2.103003e+00 	3.095374e+00 	6.628773e-03 	7.398606e-03 	7.501907e-03 	4.314018e+02 
92 	177831.355495 	1.898046e-01 	2.097381e+00 	3.089759e+00 	6.677792e-03 	7.457144e-03 	7.561991e-03 	4.212416e+02 
93 	178242.715678 	1.878937e-01 	2.091792e+00 	3.084176e+00 	6.726976e-03 	7.515930e-03 	7.622342e-03 	4.113602e+02 
94 	178644.464517 	1.860021e-01 	2.086234e+00 	3.078624e+00 	6.776325e-03 	7.574966e-03 	7.682960e-03 	4.017488e+02 
95 	179036.863758 	1.841296e-01 	2.080708e+00 	3.073104e+00 	6.825837e-03 	7.634250e-03 	7.743845e-03 	3.923992e+02 
96 	179420.167077 	1.822760e-01 	2.075213e+00 	3.067615e+00 	6.875513e-03 	7.693783e-03 	7.804996e-03 	3.833033e+02 
97 	179794.620361 	1.804412e-01 	2.069748e+00 	3.062156e+00 	6.925352e-03 	7.753565e-03 	7.866415e-03 	3.744533e+02 
98 	180160.461970 	1.786250e-01 	2.064314e+00 	3.056728e+00 	6.975354e-03 	7.813596e-03 	7.928101e-03 	3.658416e+02 
99 	180517.922990 	1.768271e-01 	2.058910e+00 	3.051331e+00 	7.025518e-03 	7.873876e-03 	7.990055e-03 	3.574610e+02 
100 	180867.227481 	1.750474e-01 	2.053537e+00 	3.045963e+00 	7.075844e-03 	7.934405e-03 	8.052277e-03 	3.493045e+02 
101 	181208.592713 	1.732856e-01 	2.048192e+00 	3.040625e+00 	7.126332e-03 	7.995183e-03 	8.114767e-03 	3.413652e+02 
102 	181542.229394 	1.715417e-01 	2.042878e+00 	3.035316e+00 	7.176981e-03 	8.056211e-03 	8.177525e-03 	3.336367e+02 
103 	181868.341889 	1.698155e-01 	2.037592e+00 	3.030036e+00 	7.227791e-03 	8.117488e-03 	8.240552e-03 	3.261125e+02 
104 	182187.128431 	1.681066e-01 	2.032335e+00 	3.024785e+00 	7.278761e-03 	8.179014e-03 	8.303848e-03 	3.187865e+02 
105 	182498.781326 	1.664151e-01 	2.027107e+00 	3.019563e+00 	7.329892e-03 	8.240790e-03 	8.367413e-03 	3.116529e+02 
106 	182803.487148 	1.647406e-01 	2.021907e+00 	3.014369e+00 	7.381182e-03 	8.302815e-03 	8.431248e-03 	3.047058e+02 
107 	183101.426930 	1.630830e-01 	2.016736e+00 	3.009203e+00 	7.432631e-03 	8.365091e-03 	8.495352e-03 	2.979398e+02 
108 	183392.776346 	1.614422e-01 	2.011592e+00 	3.004065e+00 	7.484240e-03 	8.427616e-03 	8.559726e-03 	2.913494e+02 
109 	183677.705886 	1.598180e-01 	2.006476e+00 	2.998955e+00 	7.536007e-03 	8.490391e-03 	8.624370e-03 	2.849295e+02 
110 	183956.381027 	1.582102e-01 	2.001387e+00 	2.993872e+00 	7.587933e-03 	8.553417e-03 	8.689285e-03 	2.786751e+02 
111 	184228.962395 	1.566186e-01 	1.996325e+00 	2.988816e+00 	7.640017e-03 	8.616693e-03 	8.754471e-03 	2.725814e+02 
112 	184495.605925 	1.550431e-01 	1.991290e+00 	2.983787e+00 	7.692259e-03 	8.680220e-03 	8.819929e-03 	2.666435e+02 
113 	184756.463011 	1.534835e-01 	1.986282e+00 	2.978784e+00 	7.744658e-03 	8.743997e-03 	8.885658e-03 	2.608571e+02 
114 	185011.680655 	1.519397e-01 	1.981300e+00 	2.973808e+00 	7.797214e-03 	8.808025e-03 	8.951659e-03 	2.552176e+02 
115 	185261.401607 	1.504115e-01 	1.976344e+00 	2.968858e+00 	7.849927e-03 	8.872305e-03 	9.017932e-03 	2.497210e+02 
116 	185505.764502 	1.488987e-01 	1.971414e+00 	2.963934e+00 	7.902797e-03 	8.936836e-03 	9.084478e-03 	2.443629e+02 
117 	185744.903992 	1.474012e-01 	1.966510e+00 	2.959036e+00 	7.955822e-03 	9.001618e-03 	9.151297e-03 	2.391395e+02 
118 	185978.950872 	1.459187e-01 	1.961631e+00 	2.954163e+00 	8.009004e-03 	9.066652e-03 	9.218389e-03 	2.340469e+02 
119 	186208.032207 	1.444513e-01 	1.956778e+00 	2.949315e+00 	8.062341e-03 	9.131938e-03 	9.285756e-03 	2.290813e+02 
120 	186432.271444 	1.429987e-01 	1.951949e+00 	2.944492e+00 	8.115834e-03 	9.197477e-03 	9.353396e-03 	2.242392e+02 
121 	186651.788533 	1.415607e-01 	1.947146e+00 	2.939694e+00 	8.169482e-03 	9.263267e-03 	9.421312e-03 	2.195171e+02 
122 	186866.700032 	1.401373e-01 	1.942366e+00 	2.934921e+00 	8.223284e-03 	9.329311e-03 	9.489502e-03 	2.149115e+02 
123 	187077.119218 	1.387282e-01 	1.937612e+00 	2.930171e+00 	8.277241e-03 	9.395608e-03 	9.557968e-03 	2.104192e+02 
124 	187283.156187 	1.373334e-01 	1.932881e+00 	2.925446e+00 	8.331353e-03 	9.462157e-03 	9.626710e-03 	2.060370e+02 
125 	187484.917954 	1.359526e-01 	1.928174e+00 	2.920745e+00 	8.385618e-03 	9.528961e-03 	9.695729e-03 	2.017618e+02 
126 	187682.508551 	1.345857e-01 	1.923491e+00 	2.916068e+00 	8.440037e-03 	9.596018e-03 	9.765024e-03 	1.975906e+02 
127 	187876.029116 	1.332327e-01 	1.918832e+00 	2.911414e+00 	8.494610e-03 	9.663329e-03 	9.834597e-03 	1.935206e+02 
128 	188065.577988 	1.318933e-01 	1.914195e+00 	2.906783e+00 	8.549336e-03 	9.730895e-03 	9.904447e-03 	1.895489e+02 
129 	188251.250788 	1.305674e-01 	1.909582e+00 	2.902176e+00 	8.604215e-03 	9.798715e-03 	9.974577e-03 	1.856728e+02 
130 	188433.140505 	1.292549e-01 	1.904992e+00 	2.897591e+00 	8.659247e-03 	9.866791e-03 	1.004498e-02 	1.818897e+02 
131 	188611.337579 	1.279557e-01 	1.900424e+00 	2.893029e+00 	8.714431e-03 	9.935122e-03 	1.011567e-02 	1.781971e+02 
132 	188785.929975 	1.266695e-01 	1.895879e+00 	2.888490e+00 	8.769768e-03 	1.000371e-02 	1.018664e-02 	1.745924e+02 
133 	188957.003261 	1.253963e-01 	1.891357e+00 	2.883972e+00 	8.825257e-03 	1.007255e-02 	1.025789e-02 	1.710733e+02 
