i 	 t 	 J_r 	 J_theta 	 J_phi 	 Omega_r 	 Omega_theta 	 Omega_phi 	 dt 
------------
0 	1.000000 	0.355222 	4.799075 	1.916771 	0.002910 	0.003121 	0.003141 	0.010830 
1 	5102.009113 	3.516429e-01 	4.790425e+00 	1.908116e+00 	2.936240e-03 	3.150674e-03 	3.170991e-03 	5.101009e+03 
2 	10060.007583 	3.480943e-01 	4.781822e+00 	1.899507e+00 	2.962577e-03 	3.180240e-03 	3.200917e-03 	4.957998e+03 
3 	14879.395632 	3.445817e-01 	4.773276e+00 	1.890956e+00 	2.989035e-03 	3.209963e-03 	3.231005e-03 	4.819388e+03 
4 	19564.613089 	3.411048e-01 	4.764787e+00 	1.882461e+00 	3.015613e-03 	3.239843e-03 	3.261255e-03 	4.685217e+03 
5 	24119.942873 	3.376631e-01 	4.756354e+00 	1.874022e+00 	3.042312e-03 	3.269880e-03 	3.291667e-03 	4.555330e+03 
6 	28549.515563 	3.342564e-01 	4.747977e+00 	1.865639e+00 	3.069130e-03 	3.300073e-03 	3.322240e-03 	4.429573e+03 
7 	32857.315298 	3.308842e-01 	4.739655e+00 	1.857312e+00 	3.096068e-03 	3.330423e-03 	3.352975e-03 	4.307800e+03 
8 	37047.185452 	3.275463e-01 	4.731388e+00 	1.849039e+00 	3.123124e-03 	3.360929e-03 	3.383871e-03 	4.189870e+03 
9 	41122.834067 	3.242422e-01 	4.723175e+00 	1.840820e+00 	3.150300e-03 	3.391591e-03 	3.414929e-03 	4.075649e+03 
10 	45087.839060 	3.209716e-01 	4.715015e+00 	1.832655e+00 	3.177594e-03 	3.422409e-03 	3.446148e-03 	3.965005e+03 
11 	48945.653220 	3.177343e-01 	4.706909e+00 	1.824542e+00 	3.205006e-03 	3.453384e-03 	3.477529e-03 	3.857814e+03 
12 	52699.608989 	3.145297e-01 	4.698855e+00 	1.816483e+00 	3.232535e-03 	3.484515e-03 	3.509071e-03 	3.753956e+03 
13 	56352.923055 	3.113577e-01 	4.690854e+00 	1.808476e+00 	3.260183e-03 	3.515801e-03 	3.540775e-03 	3.653314e+03 
14 	59908.700750 	3.082178e-01 	4.682904e+00 	1.800520e+00 	3.287947e-03 	3.547244e-03 	3.572640e-03 	3.555778e+03 
15 	63369.940269 	3.051097e-01 	4.675005e+00 	1.792615e+00 	3.315828e-03 	3.578842e-03 	3.604666e-03 	3.461240e+03 
16 	66739.536721 	3.020332e-01 	4.667157e+00 	1.784761e+00 	3.343826e-03 	3.610597e-03 	3.636854e-03 	3.369596e+03 
17 	70020.286007 	2.989879e-01 	4.659359e+00 	1.776957e+00 	3.371940e-03 	3.642507e-03 	3.669203e-03 	3.280749e+03 
18 	73214.888546 	2.959734e-01 	4.651611e+00 	1.769203e+00 	3.400170e-03 	3.674572e-03 	3.701713e-03 	3.194603e+03 
19 	76325.952849 	2.929895e-01 	4.643912e+00 	1.761498e+00 	3.428515e-03 	3.706793e-03 	3.734385e-03 	3.111064e+03 
20 	79355.998950 	2.900358e-01 	4.636262e+00 	1.753841e+00 	3.456975e-03 	3.739170e-03 	3.767218e-03 	3.030046e+03 
21 	82307.461694 	2.871121e-01 	4.628660e+00 	1.746233e+00 	3.485550e-03 	3.771702e-03 	3.800212e-03 	2.951463e+03 
22 	85182.693895 	2.842180e-01 	4.621106e+00 	1.738673e+00 	3.514240e-03 	3.804389e-03 	3.833367e-03 	2.875232e+03 
23 	87983.969373 	2.813532e-01 	4.613600e+00 	1.731160e+00 	3.543044e-03 	3.837232e-03 	3.866683e-03 	2.801275e+03 
24 	90713.485860 	2.785175e-01 	4.606140e+00 	1.723695e+00 	3.571961e-03 	3.870229e-03 	3.900161e-03 	2.729516e+03 
25 	93373.367799 	2.757105e-01 	4.598727e+00 	1.716275e+00 	3.600993e-03 	3.903382e-03 	3.933799e-03 	2.659882e+03 
26 	95965.669024 	2.729319e-01 	4.591360e+00 	1.708902e+00 	3.630137e-03 	3.936690e-03 	3.967599e-03 	2.592301e+03 
27 	98492.375342 	2.701814e-01 	4.584039e+00 	1.701575e+00 	3.659394e-03 	3.970153e-03 	4.001560e-03 	2.526706e+03 
28 	100955.407007 	2.674589e-01 	4.576763e+00 	1.694292e+00 	3.688764e-03 	4.003771e-03 	4.035682e-03 	2.463032e+03 
29 	103356.621097 	2.647639e-01 	4.569532e+00 	1.687055e+00 	3.718246e-03 	4.037544e-03 	4.069965e-03 	2.401214e+03 
30 	105697.813802 	2.620962e-01 	4.562345e+00 	1.679861e+00 	3.747840e-03 	4.071471e-03 	4.104409e-03 	2.341193e+03 
31 	107980.722617 	2.594555e-01 	4.555202e+00 	1.672712e+00 	3.777546e-03 	4.105554e-03 	4.139015e-03 	2.282909e+03 
32 	110207.028454 	2.568415e-01 	4.548103e+00 	1.665607e+00 	3.807363e-03 	4.139791e-03 	4.173781e-03 	2.226306e+03 
33 	112378.357668 	2.542541e-01 	4.541047e+00 	1.658544e+00 	3.837291e-03 	4.174183e-03 	4.208709e-03 	2.171329e+03 
34 	114496.284008 	2.516928e-01 	4.534034e+00 	1.651524e+00 	3.867329e-03 	4.208730e-03 	4.243797e-03 	2.117926e+03 
35 	116562.330487 	2.491574e-01 	4.527063e+00 	1.644547e+00 	3.897478e-03 	4.243431e-03 	4.279047e-03 	2.066046e+03 
36 	118577.971188 	2.466477e-01 	4.520134e+00 	1.637612e+00 	3.927737e-03 	4.278286e-03 	4.314458e-03 	2.015641e+03 
37 	120544.632992 	2.441634e-01 	4.513247e+00 	1.630718e+00 	3.958106e-03 	4.313297e-03 	4.350030e-03 	1.966662e+03 
38 	122463.697245 	2.417043e-01 	4.506401e+00 	1.623866e+00 	3.988583e-03 	4.348461e-03 	4.385764e-03 	1.919064e+03 
39 	124336.501361 	2.392700e-01 	4.499596e+00 	1.617054e+00 	4.019170e-03 	4.383780e-03 	4.421658e-03 	1.872804e+03 
40 	126164.340360 	2.368604e-01 	4.492832e+00 	1.610283e+00 	4.049866e-03 	4.419254e-03 	4.457714e-03 	1.827839e+03 
41 	127948.468351 	2.344751e-01 	4.486108e+00 	1.603552e+00 	4.080670e-03 	4.454882e-03 	4.493931e-03 	1.784128e+03 
42 	129690.099958 	2.321140e-01 	4.479423e+00 	1.596860e+00 	4.111583e-03 	4.490664e-03 	4.530309e-03 	1.741632e+03 
43 	131390.411694 	2.297768e-01 	4.472778e+00 	1.590208e+00 	4.142603e-03 	4.526601e-03 	4.566849e-03 	1.700312e+03 
44 	133050.543277 	2.274632e-01 	4.466172e+00 	1.583595e+00 	4.173731e-03 	4.562692e-03 	4.603550e-03 	1.660132e+03 
45 	134671.598902 	2.251730e-01 	4.459604e+00 	1.577021e+00 	4.204966e-03 	4.598937e-03 	4.640413e-03 	1.621056e+03 
46 	136254.648466 	2.229060e-01 	4.453075e+00 	1.570485e+00 	4.236308e-03 	4.635337e-03 	4.677437e-03 	1.583050e+03 
47 	137800.728742 	2.206620e-01 	4.446584e+00 	1.563987e+00 	4.267756e-03 	4.671891e-03 	4.714622e-03 	1.546080e+03 
48 	139310.844514 	2.184406e-01 	4.440130e+00 	1.557527e+00 	4.299311e-03 	4.708599e-03 	4.751969e-03 	1.510116e+03 
49 	140785.969665 	2.162416e-01 	4.433714e+00 	1.551104e+00 	4.330973e-03 	4.745461e-03 	4.789477e-03 	1.475125e+03 
50 	142227.048234 	2.140649e-01 	4.427335e+00 	1.544717e+00 	4.362739e-03 	4.782478e-03 	4.827148e-03 	1.441079e+03 
51 	143634.995421 	2.119103e-01 	4.420992e+00 	1.538368e+00 	4.394612e-03 	4.819649e-03 	4.864980e-03 	1.407947e+03 
52 	145010.698564 	2.097774e-01 	4.414686e+00 	1.532055e+00 	4.426589e-03 	4.856975e-03 	4.902974e-03 	1.375703e+03 
53 	146355.018079 	2.076660e-01 	4.408416e+00 	1.525777e+00 	4.458672e-03 	4.894454e-03 	4.941129e-03 	1.344320e+03 
54 	147668.788361 	2.055760e-01 	4.402181e+00 	1.519536e+00 	4.490859e-03 	4.932089e-03 	4.979447e-03 	1.313770e+03 
55 	148952.818659 	2.035072e-01 	4.395982e+00 	1.513329e+00 	4.523150e-03 	4.969877e-03 	5.017927e-03 	1.284030e+03 
56 	150207.893912 	2.014592e-01 	4.389818e+00 	1.507158e+00 	4.555546e-03 	5.007820e-03 	5.056568e-03 	1.255075e+03 
57 	151434.775561 	1.994320e-01 	4.383688e+00 	1.501021e+00 	4.588045e-03 	5.045917e-03 	5.095372e-03 	1.226882e+03 
58 	152634.202323 	1.974252e-01 	4.377593e+00 	1.494919e+00 	4.620648e-03 	5.084169e-03 	5.134339e-03 	1.199427e+03 
59 	153806.890951 	1.954387e-01 	4.371532e+00 	1.488851e+00 	4.653354e-03 	5.122575e-03 	5.173468e-03 	1.172689e+03 
60 	154953.536951 	1.934723e-01 	4.365505e+00 	1.482817e+00 	4.686164e-03 	5.161135e-03 	5.212759e-03 	1.146646e+03 
61 	156074.815281 	1.915257e-01 	4.359512e+00 	1.476816e+00 	4.719076e-03 	5.199851e-03 	5.252213e-03 	1.121278e+03 
62 	157171.381031 	1.895988e-01 	4.353551e+00 	1.470848e+00 	4.752090e-03 	5.238721e-03 	5.291829e-03 	1.096566e+03 
63 	158243.870062 	1.876914e-01 	4.347624e+00 	1.464914e+00 	4.785206e-03 	5.277745e-03 	5.331609e-03 	1.072489e+03 
64 	159292.899641 	1.858033e-01 	4.341729e+00 	1.459011e+00 	4.818425e-03 	5.316924e-03 	5.371551e-03 	1.049030e+03 
65 	160319.069040 	1.839342e-01 	4.335867e+00 	1.453142e+00 	4.851745e-03 	5.356258e-03 	5.411657e-03 	1.026169e+03 
66 	161322.960119 	1.820840e-01 	4.330036e+00 	1.447304e+00 	4.885167e-03 	5.395747e-03 	5.451926e-03 	1.003891e+03 
67 	162305.137890 	1.802525e-01 	4.324238e+00 	1.441498e+00 	4.918690e-03 	5.435391e-03 	5.492358e-03 	9.821778e+02 
68 	163266.151056 	1.784394e-01 	4.318470e+00 	1.435723e+00 	4.952314e-03 	5.475190e-03 	5.532953e-03 	9.610132e+02 
69 	164206.532537 	1.766447e-01 	4.312735e+00 	1.429980e+00 	4.986038e-03 	5.515144e-03 	5.573713e-03 	9.403815e+02 
70 	165126.799973 	1.748681e-01 	4.307030e+00 	1.424268e+00 	5.019863e-03 	5.555253e-03 	5.614636e-03 	9.202674e+02 
71 	166027.456211 	1.731095e-01 	4.301356e+00 	1.418586e+00 	5.053788e-03 	5.595517e-03 	5.655723e-03 	9.006562e+02 
72 	166908.989777 	1.713686e-01 	4.295712e+00 	1.412935e+00 	5.087814e-03 	5.635937e-03 	5.696974e-03 	8.815336e+02 
73 	167771.875326 	1.696453e-01 	4.290098e+00 	1.407314e+00 	5.121939e-03 	5.676512e-03 	5.738389e-03 	8.628855e+02 
74 	168616.574085 	1.679394e-01 	4.284515e+00 	1.401723e+00 	5.156163e-03 	5.717243e-03 	5.779969e-03 	8.446988e+02 
75 	169443.534273 	1.662507e-01 	4.278961e+00 	1.396161e+00 	5.190487e-03 	5.758129e-03 	5.821714e-03 	8.269602e+02 
76 	170253.191508 	1.645790e-01 	4.273436e+00 	1.390629e+00 	5.224909e-03 	5.799171e-03 	5.863623e-03 	8.096572e+02 
77 	171045.969206 	1.629242e-01 	4.267941e+00 	1.385126e+00 	5.259431e-03 	5.840369e-03 	5.905698e-03 	7.927777e+02 
78 	171822.278958 	1.612861e-01 	4.262474e+00 	1.379652e+00 	5.294051e-03 	5.881723e-03 	5.947937e-03 	7.763098e+02 
79 	172582.520897 	1.596646e-01 	4.257036e+00 	1.374206e+00 	5.328770e-03 	5.923234e-03 	5.990342e-03 	7.602419e+02 
80 	173327.084060 	1.580594e-01 	4.251627e+00 	1.368789e+00 	5.363587e-03 	5.964900e-03 	6.032913e-03 	7.445632e+02 
81 	174056.346722 	1.564704e-01 	4.246245e+00 	1.363400e+00 	5.398501e-03 	6.006723e-03 	6.075649e-03 	7.292627e+02 
82 	174770.676735 	1.548974e-01 	4.240892e+00 	1.358039e+00 	5.433514e-03 	6.048702e-03 	6.118551e-03 	7.143300e+02 
83 	175470.431845 	1.533403e-01 	4.235566e+00 	1.352706e+00 	5.468624e-03 	6.090838e-03 	6.161620e-03 	6.997551e+02 
84 	176155.960003 	1.517989e-01 	4.230268e+00 	1.347400e+00 	5.503831e-03 	6.133131e-03 	6.204855e-03 	6.855282e+02 
85 	176827.599663 	1.502731e-01 	4.224997e+00 	1.342121e+00 	5.539135e-03 	6.175581e-03 	6.248257e-03 	6.716397e+02 
86 	177485.680073 	1.487627e-01 	4.219753e+00 	1.336869e+00 	5.574537e-03 	6.218188e-03 	6.291825e-03 	6.580804e+02 
87 	178130.521552 	1.472675e-01 	4.214536e+00 	1.331644e+00 	5.610035e-03 	6.260953e-03 	6.335561e-03 	6.448415e+02 
88 	178762.435765 	1.457873e-01 	4.209345e+00 	1.326445e+00 	5.645629e-03 	6.303875e-03 	6.379464e-03 	6.319142e+02 
89 	179381.725977 	1.443221e-01 	4.204181e+00 	1.321273e+00 	5.681320e-03 	6.346954e-03 	6.423535e-03 	6.192902e+02 
90 	179988.687313 	1.428717e-01 	4.199043e+00 	1.316127e+00 	5.717107e-03 	6.390192e-03 	6.467774e-03 	6.069613e+02 
91 	180583.606999 	1.414359e-01 	4.193931e+00 	1.311007e+00 	5.752990e-03 	6.433587e-03 	6.512181e-03 	5.949197e+02 
92 	181166.764598 	1.400146e-01 	4.188844e+00 	1.305912e+00 	5.788969e-03 	6.477141e-03 	6.556757e-03 	5.831576e+02 
93 	181738.432238 	1.386076e-01 	4.183783e+00 	1.300843e+00 	5.825043e-03 	6.520853e-03 	6.601501e-03 	5.716676e+02 
94 	182298.874837 	1.372148e-01 	4.178747e+00 	1.295799e+00 	5.861213e-03 	6.564724e-03 	6.646414e-03 	5.604426e+02 
95 	182848.350312 	1.358361e-01 	4.173736e+00 	1.290780e+00 	5.897477e-03 	6.608753e-03 	6.691496e-03 	5.494755e+02 
96 	183387.109788 	1.344712e-01 	4.168750e+00 	1.285786e+00 	5.933837e-03 	6.652942e-03 	6.736748e-03 	5.387595e+02 
97 	183915.397798 	1.331201e-01 	4.163789e+00 	1.280817e+00 	5.970292e-03 	6.697290e-03 	6.782170e-03 	5.282880e+02 
98 	184433.452479 	1.317826e-01 	4.158852e+00 	1.275872e+00 	6.006842e-03 	6.741797e-03 	6.827763e-03 	5.180547e+02 
99 	184941.505753 	1.304586e-01 	4.153939e+00 	1.270951e+00 	6.043485e-03 	6.786465e-03 	6.873525e-03 	5.080533e+02 
100 	185439.783517 	1.291480e-01 	4.149050e+00 	1.266054e+00 	6.080224e-03 	6.831292e-03 	6.919459e-03 	4.982778e+02 
101 	185928.505811 	1.278505e-01 	4.144185e+00 	1.261181e+00 	6.117056e-03 	6.876279e-03 	6.965563e-03 	4.887223e+02 
102 	186407.886992 	1.265661e-01 	4.139344e+00 	1.256331e+00 	6.153983e-03 	6.921427e-03 	7.011839e-03 	4.793812e+02 
103 	186878.135900 	1.252947e-01 	4.134526e+00 	1.251505e+00 	6.191003e-03 	6.966735e-03 	7.058287e-03 	4.702489e+02 
104 	187339.456012 	1.240361e-01 	4.129732e+00 	1.246703e+00 	6.228117e-03 	7.012205e-03 	7.104907e-03 	4.613201e+02 
105 	187792.045600 	1.227902e-01 	4.124961e+00 	1.241923e+00 	6.265325e-03 	7.057835e-03 	7.151699e-03 	4.525896e+02 
106 	188236.097880 	1.215568e-01 	4.120212e+00 	1.237166e+00 	6.302626e-03 	7.103627e-03 	7.198664e-03 	4.440523e+02 
107 	188671.801157 	1.203358e-01 	4.115486e+00 	1.232432e+00 	6.340020e-03 	7.149581e-03 	7.245803e-03 	4.357033e+02 
108 	189099.338963 	1.191272e-01 	4.110783e+00 	1.227721e+00 	6.377508e-03 	7.195697e-03 	7.293115e-03 	4.275378e+02 
109 	189518.890194 	1.179307e-01 	4.106102e+00 	1.223031e+00 	6.415088e-03 	7.241975e-03 	7.340600e-03 	4.195512e+02 
110 	189930.629243 	1.167463e-01 	4.101443e+00 	1.218364e+00 	6.452761e-03 	7.288415e-03 	7.388260e-03 	4.117390e+02 
111 	190334.726124 	1.155738e-01 	4.096807e+00 	1.213719e+00 	6.490527e-03 	7.335019e-03 	7.436095e-03 	4.040969e+02 
112 	190731.346599 	1.144131e-01 	4.092192e+00 	1.209096e+00 	6.528385e-03 	7.381786e-03 	7.484105e-03 	3.966205e+02 
113 	191120.652295 	1.132641e-01 	4.087598e+00 	1.204494e+00 	6.566336e-03 	7.428716e-03 	7.532290e-03 	3.893057e+02 
114 	191502.800819 	1.121267e-01 	4.083026e+00 	1.199913e+00 	6.604379e-03 	7.475810e-03 	7.580651e-03 	3.821485e+02 
115 	191877.945875 	1.110007e-01 	4.078476e+00 	1.195354e+00 	6.642514e-03 	7.523068e-03 	7.629189e-03 	3.751451e+02 
116 	192246.237367 	1.098861e-01 	4.073947e+00 	1.190817e+00 	6.680741e-03 	7.570490e-03 	7.677902e-03 	3.682915e+02 
117 	192607.821508 	1.087827e-01 	4.069438e+00 	1.186300e+00 	6.719060e-03 	7.618077e-03 	7.726793e-03 	3.615841e+02 
118 	192962.840923 	1.076904e-01 	4.064951e+00 	1.181803e+00 	6.757470e-03 	7.665829e-03 	7.775862e-03 	3.550194e+02 
119 	193311.434743 	1.066091e-01 	4.060484e+00 	1.177328e+00 	6.795973e-03 	7.713747e-03 	7.825108e-03 	3.485938e+02 
120 	193653.738708 	1.055387e-01 	4.056037e+00 	1.172873e+00 	6.834566e-03 	7.761830e-03 	7.874533e-03 	3.423040e+02 
121 	193989.885255 	1.044791e-01 	4.051611e+00 	1.168438e+00 	6.873251e-03 	7.810079e-03 	7.924136e-03 	3.361465e+02 
122 	194320.003610 	1.034301e-01 	4.047205e+00 	1.164023e+00 	6.912028e-03 	7.858495e-03 	7.973919e-03 	3.301184e+02 
123 	194644.219878 	1.023917e-01 	4.042819e+00 	1.159629e+00 	6.950895e-03 	7.907077e-03 	8.023882e-03 	3.242163e+02 
124 	194962.657123 	1.013638e-01 	4.038453e+00 	1.155254e+00 	6.989853e-03 	7.955827e-03 	8.074024e-03 	3.184372e+02 
125 	195275.435455 	1.003462e-01 	4.034107e+00 	1.150899e+00 	7.028903e-03 	8.004744e-03 	8.124347e-03 	3.127783e+02 
126 	195582.672107 	9.933882e-02 	4.029780e+00 	1.146563e+00 	7.068043e-03 	8.053829e-03 	8.174851e-03 	3.072367e+02 
127 	195884.481515 	9.834160e-02 	4.025473e+00 	1.142247e+00 	7.107273e-03 	8.103082e-03 	8.225537e-03 	3.018094e+02 
128 	196180.975390 	9.735442e-02 	4.021184e+00 	1.137950e+00 	7.146595e-03 	8.152504e-03 	8.276405e-03 	2.964939e+02 
129 	196472.262796 	9.637717e-02 	4.016915e+00 	1.133672e+00 	7.186006e-03 	8.202095e-03 	8.327455e-03 	2.912874e+02 
130 	196758.450215 	9.540976e-02 	4.012665e+00 	1.129413e+00 	7.225508e-03 	8.251855e-03 	8.378688e-03 	2.861874e+02 
131 	197039.641621 	9.445209e-02 	4.008434e+00 	1.125173e+00 	7.265100e-03 	8.301785e-03 	8.430105e-03 	2.811914e+02 
132 	197315.938542 	9.350405e-02 	4.004222e+00 	1.120952e+00 	7.304783e-03 	8.351886e-03 	8.481706e-03 	2.762969e+02 
133 	197587.440130 	9.256555e-02 	4.000028e+00 	1.116749e+00 	7.344555e-03 	8.402156e-03 	8.533491e-03 	2.715016e+02 
134 	197854.243219 	9.163649e-02 	3.995852e+00 	1.112564e+00 	7.384417e-03 	8.452598e-03 	8.585462e-03 	2.668031e+02 
135 	198116.442389 	9.071678e-02 	3.991695e+00 	1.108398e+00 	7.424369e-03 	8.503212e-03 	8.637618e-03 	2.621992e+02 
136 	198374.130023 	8.980633e-02 	3.987556e+00 	1.104250e+00 	7.464411e-03 	8.553997e-03 	8.689960e-03 	2.576876e+02 
137 	198627.396369 	8.890503e-02 	3.983434e+00 	1.100120e+00 	7.504542e-03 	8.604954e-03 	8.742488e-03 	2.532663e+02 
138 	198876.329590 	8.801280e-02 	3.979331e+00 	1.096007e+00 	7.544763e-03 	8.656084e-03 	8.795204e-03 	2.489332e+02 
139 	199121.015822 	8.712955e-02 	3.975245e+00 	1.091913e+00 	7.585073e-03 	8.707387e-03 	8.848107e-03 	2.446862e+02 
