i 	 t 	 J_r 	 J_theta 	 J_phi 	 Omega_r 	 Omega_theta 	 Omega_phi 	 dt 
------------
0 	1.000000 	3.447326 	2.085879 	1.537862 	0.003615 	0.005291 	0.005690 	0.010830 
1 	33227.109027 	3.439350e+00 	2.085679e+00 	1.551831e+00 	3.595063e-03 	5.219146e-03 	5.602667e-03 	3.322611e+04 
2 	78570.325203 	3.426706e+00 	2.081864e+00 	1.565015e+00 	3.592436e-03 	5.184371e-03 	5.558186e-03 	4.534322e+04 
3 	140368.328568 	3.407986e+00 	2.073667e+00 	1.578609e+00 	3.607724e-03 	5.184313e-03 	5.553356e-03 	6.179800e+04 
4 	225732.462754 	3.380112e+00 	2.058591e+00 	1.592656e+00 	3.651270e-03 	5.237601e-03 	5.609181e-03 	8.536413e+04 
5 	325786.343574 	3.345250e+00 	2.037831e+00 	1.606506e+00 	3.719732e-03 	5.338497e-03 	5.719268e-03 	1.000539e+05 
6 	418283.857193 	3.311071e+00 	2.016544e+00 	1.618537e+00 	3.794352e-03 	5.454700e-03 	5.847447e-03 	9.249751e+04 
7 	503659.559887 	3.277946e+00 	1.995729e+00 	1.630280e+00 	3.868732e-03 	5.570774e-03 	5.975613e-03 	8.537570e+04 
8 	582639.200744 	3.245721e+00 	1.975115e+00 	1.641367e+00 	3.944634e-03 	5.691007e-03 	6.108815e-03 	7.897964e+04 
9 	656663.503573 	3.214109e+00 	1.954804e+00 	1.652529e+00 	4.020419e-03 	5.810589e-03 	6.241291e-03 	7.402430e+04 
10 	725710.614318 	3.183180e+00 	1.934663e+00 	1.663310e+00 	4.097435e-03 	5.933227e-03 	6.377469e-03 	6.904711e+04 
11 	790552.010740 	3.152815e+00 	1.914782e+00 	1.674141e+00 	4.174485e-03 	6.055578e-03 	6.513350e-03 	6.484140e+04 
12 	851218.197373 	3.123070e+00 	1.895078e+00 	1.684699e+00 	4.252520e-03 	6.180302e-03 	6.652125e-03 	6.066619e+04 
13 	908215.322743 	3.093881e+00 	1.875610e+00 	1.695250e+00 	4.330718e-03 	6.305137e-03 	6.791091e-03 	5.699713e+04 
14 	961649.858226 	3.065275e+00 	1.856326e+00 	1.705594e+00 	4.409700e-03 	6.431830e-03 	6.932346e-03 	5.343454e+04 
15 	1011876.785957 	3.037217e+00 	1.837263e+00 	1.715888e+00 	4.488934e-03 	6.558934e-03 	7.074162e-03 	5.022693e+04 
16 	1059040.714537 	3.009715e+00 	1.818389e+00 	1.726017e+00 	4.568792e-03 	6.687507e-03 	7.217815e-03 	4.716393e+04 
17 	1103403.094439 	2.982748e+00 	1.799723e+00 	1.736068e+00 	4.648950e-03 	6.816677e-03 	7.362261e-03 	4.436238e+04 
18 	1145117.966208 	2.956315e+00 	1.781248e+00 	1.745981e+00 	4.729611e-03 	6.947032e-03 	7.508219e-03 	4.171487e+04 
19 	1184387.292754 	2.930402e+00 	1.762972e+00 	1.755802e+00 	4.810585e-03 	7.078074e-03 	7.655090e-03 	3.926933e+04 
20 	1221358.701750 	2.905002e+00 	1.744886e+00 	1.765501e+00 	4.891970e-03 	7.210100e-03 	7.803240e-03 	3.697141e+04 
21 	1256194.790175 	2.880106e+00 	1.726993e+00 	1.775101e+00 	4.973657e-03 	7.342832e-03 	7.952339e-03 	3.483609e+04 
22 	1289029.752429 	2.855704e+00 	1.709287e+00 	1.784588e+00 	5.055685e-03 	7.476400e-03 	8.102551e-03 	3.283496e+04 
23 	1319998.541347 	2.831789e+00 	1.691768e+00 	1.793974e+00 	5.137988e-03 	7.610650e-03 	8.253695e-03 	3.096879e+04 
24 	1349219.901593 	2.808350e+00 	1.674433e+00 	1.803254e+00 	5.220572e-03 	7.745622e-03 	8.405823e-03 	2.922136e+04 
25 	1376808.058965 	2.785378e+00 	1.657280e+00 	1.812433e+00 	5.303398e-03 	7.881226e-03 	8.558834e-03 	2.758816e+04 
26 	1402866.737892 	2.762866e+00 	1.640308e+00 	1.821510e+00 	5.386456e-03 	8.017457e-03 	8.712727e-03 	2.605868e+04 
27 	1427493.741345 	2.740804e+00 	1.623515e+00 	1.830488e+00 	5.469716e-03 	8.154257e-03 	8.867435e-03 	2.462700e+04 
28 	1450779.188418 	2.719184e+00 	1.606897e+00 	1.839366e+00 	5.553163e-03 	8.291603e-03 	9.022935e-03 	2.328545e+04 
29 	1472807.372114 	2.697995e+00 	1.590455e+00 	1.848148e+00 	5.636774e-03 	8.429448e-03 	9.179176e-03 	2.202818e+04 
30 	1493656.475953 	2.677231e+00 	1.574184e+00 	1.856833e+00 	5.720530e-03 	8.567761e-03 	9.336125e-03 	2.084910e+04 
31 	1513399.434151 	2.656882e+00 	1.558085e+00 	1.865424e+00 	5.804411e-03 	8.706505e-03 	9.493739e-03 	1.974296e+04 
32 	1532104.103035 	2.636939e+00 	1.542154e+00 	1.873920e+00 	5.888399e-03 	8.845645e-03 	9.651982e-03 	1.870467e+04 
33 	1549833.755953 	2.617394e+00 	1.526391e+00 	1.882324e+00 	5.972475e-03 	8.985147e-03 	9.810815e-03 	1.772965e+04 
34 	1566647.358895 	2.598238e+00 	1.510792e+00 	1.890636e+00 	6.056623e-03 	9.124977e-03 	9.970202e-03 	1.681360e+04 
35 	1582599.919056 	2.579464e+00 	1.495357e+00 	1.898858e+00 	6.140825e-03 	9.265104e-03 	1.013011e-02 	1.595256e+04 
36 	1597742.757258 	2.561062e+00 	1.480083e+00 	1.906990e+00 	6.225065e-03 	9.405494e-03 	1.029049e-02 	1.514284e+04 
37 	1612123.783937 	2.543024e+00 	1.464970e+00 	1.915033e+00 	6.309328e-03 	9.546119e-03 	1.045132e-02 	1.438103e+04 
38 	1625787.741369 	2.525342e+00 	1.450014e+00 	1.922989e+00 	6.393598e-03 	9.686946e-03 	1.061257e-02 	1.366396e+04 
39 	1638776.433277 	2.508008e+00 	1.435214e+00 	1.930858e+00 	6.477861e-03 	9.827949e-03 	1.077420e-02 	1.298869e+04 
40 	1651128.933888 	2.491014e+00 	1.420569e+00 	1.938642e+00 	6.562104e-03 	9.969099e-03 	1.093617e-02 	1.235250e+04 
41 	1662881.782407 	2.474352e+00 	1.406077e+00 	1.946341e+00 	6.646315e-03 	1.011037e-02 	1.109847e-02 	1.175285e+04 
42 	1674069.162058 	2.458014e+00 	1.391737e+00 	1.953956e+00 	6.730480e-03 	1.025174e-02 	1.126106e-02 	1.118738e+04 
43 	1684723.065883 	2.441993e+00 	1.377546e+00 	1.961488e+00 	6.814588e-03 	1.039317e-02 	1.142391e-02 	1.065390e+04 
44 	1694873.449917 	2.426280e+00 	1.363503e+00 	1.968938e+00 	6.898629e-03 	1.053466e-02 	1.158699e-02 	1.015038e+04 
45 	1704548.374952 	2.410868e+00 	1.349606e+00 	1.976307e+00 	6.982593e-03 	1.067616e-02 	1.175028e-02 	9.674925e+03 
46 	1713774.137694 	2.395751e+00 	1.335854e+00 	1.983596e+00 	7.066469e-03 	1.081767e-02 	1.191376e-02 	9.225763e+03 
47 	1722575.392222 	2.380920e+00 	1.322245e+00 	1.990805e+00 	7.150250e-03 	1.095917e-02 	1.207739e-02 	8.801255e+03 
48 	1730975.262440 	2.366368e+00 	1.308778e+00 	1.997935e+00 	7.233927e-03 	1.110063e-02 	1.224116e-02 	8.399870e+03 
49 	1738995.446285 	2.352089e+00 	1.295451e+00 	2.004987e+00 	7.317492e-03 	1.124203e-02 	1.240505e-02 	8.020184e+03 
50 	1746656.312305 	2.338075e+00 	1.282262e+00 	2.011961e+00 	7.400938e-03 	1.138337e-02 	1.256904e-02 	7.660866e+03 
51 	1753976.989208 	2.324320e+00 	1.269210e+00 	2.018859e+00 	7.484259e-03 	1.152461e-02 	1.273310e-02 	7.320677e+03 
52 	1760975.448919 	2.310818e+00 	1.256295e+00 	2.025681e+00 	7.567449e-03 	1.166576e-02 	1.289721e-02 	6.998460e+03 
53 	1767668.583651 	2.297561e+00 	1.243513e+00 	2.032428e+00 	7.650503e-03 	1.180678e-02 	1.306137e-02 	6.693135e+03 
54 	1774072.277443 	2.284543e+00 	1.230864e+00 	2.039101e+00 	7.733415e-03 	1.194768e-02 	1.322556e-02 	6.403694e+03 
55 	1780201.472585 	2.271758e+00 	1.218346e+00 	2.045700e+00 	7.816182e-03 	1.208844e-02 	1.338975e-02 	6.129195e+03 
56 	1786070.231329 	2.259201e+00 	1.205958e+00 	2.052225e+00 	7.898799e-03 	1.222905e-02 	1.355393e-02 	5.868759e+03 
57 	1791691.793222 	2.246864e+00 	1.193698e+00 	2.058678e+00 	7.981263e-03 	1.236949e-02 	1.371810e-02 	5.621562e+03 
58 	1797078.628414 	2.234743e+00 	1.181565e+00 	2.065060e+00 	8.063571e-03 	1.250976e-02 	1.388224e-02 	5.386835e+03 
59 	1802242.487224 	2.222832e+00 	1.169558e+00 	2.071370e+00 	8.145720e-03 	1.264984e-02 	1.404633e-02 	5.163859e+03 
60 	1807194.446251 	2.211124e+00 	1.157675e+00 	2.077610e+00 	8.227708e-03 	1.278974e-02 	1.421037e-02 	4.951959e+03 
61 	1811944.951285 	2.199616e+00 	1.145915e+00 	2.083780e+00 	8.309532e-03 	1.292943e-02 	1.437435e-02 	4.750505e+03 
62 	1816503.857256 	2.188300e+00 	1.134277e+00 	2.089880e+00 	8.391191e-03 	1.306893e-02 	1.453825e-02 	4.558906e+03 
63 	1820880.465436 	2.177174e+00 	1.122759e+00 	2.095912e+00 	8.472684e-03 	1.320821e-02 	1.470207e-02 	4.376608e+03 
64 	1825083.558097 	2.166230e+00 	1.111360e+00 	2.101876e+00 	8.554010e-03 	1.334727e-02 	1.486581e-02 	4.203093e+03 
65 	1829121.430812 	2.155466e+00 	1.100079e+00 	2.107773e+00 	8.635167e-03 	1.348612e-02 	1.502944e-02 	4.037873e+03 
66 	1833001.922565 	2.144875e+00 	1.088915e+00 	2.113602e+00 	8.716154e-03 	1.362473e-02 	1.519297e-02 	3.880492e+03 
67 	1836732.443837 	2.134453e+00 	1.077865e+00 	2.119366e+00 	8.796973e-03 	1.376312e-02 	1.535639e-02 	3.730521e+03 
68 	1840320.002805 	2.124196e+00 	1.066930e+00 	2.125064e+00 	8.877621e-03 	1.390127e-02 	1.551969e-02 	3.587559e+03 
69 	1843771.229798 	2.114100e+00 	1.056107e+00 	2.130697e+00 	8.958099e-03 	1.403918e-02 	1.568287e-02 	3.451227e+03 
70 	1847092.400122 	2.104161e+00 	1.045396e+00 	2.136265e+00 	9.038408e-03 	1.417685e-02 	1.584592e-02 	3.321170e+03 
71 	1850289.455385 	2.094373e+00 	1.034795e+00 	2.141769e+00 	9.118546e-03 	1.431428e-02 	1.600884e-02 	3.197055e+03 
72 	1853368.023416 	2.084734e+00 	1.024304e+00 	2.147210e+00 	9.198515e-03 	1.445146e-02 	1.617163e-02 	3.078568e+03 
73 	1856333.436888 	2.075240e+00 	1.013921e+00 	2.152588e+00 	9.278314e-03 	1.458840e-02 	1.633427e-02 	2.965413e+03 
74 	1859190.750721 	2.065886e+00 	1.003644e+00 	2.157904e+00 	9.357944e-03 	1.472508e-02 	1.649678e-02 	2.857314e+03 
75 	1861944.758365 	2.056670e+00 	9.934732e-01 	2.163159e+00 	9.437406e-03 	1.486151e-02 	1.665913e-02 	2.754008e+03 
76 	1864600.007035 	2.047587e+00 	9.834070e-01 	2.168352e+00 	9.516700e-03 	1.499769e-02 	1.682134e-02 	2.655249e+03 
77 	1867160.811970 	2.038635e+00 	9.734443e-01 	2.173485e+00 	9.595826e-03 	1.513362e-02 	1.698339e-02 	2.560805e+03 
78 	1869631.269777 	2.029810e+00 	9.635841e-01 	2.178558e+00 	9.674786e-03 	1.526929e-02 	1.714529e-02 	2.470458e+03 
79 	1872015.270944 	2.021109e+00 	9.538252e-01 	2.183571e+00 	9.753579e-03 	1.540470e-02 	1.730702e-02 	2.384001e+03 
80 	1874316.511550 	2.012529e+00 	9.441665e-01 	2.188526e+00 	9.832206e-03 	1.553986e-02 	1.746860e-02 	2.301241e+03 
81 	1876538.504247 	2.004067e+00 	9.346071e-01 	2.193423e+00 	9.910669e-03 	1.567476e-02 	1.763001e-02 	2.221993e+03 
82 	1878684.588560 	1.995720e+00 	9.251457e-01 	2.198261e+00 	9.988966e-03 	1.580940e-02 	1.779126e-02 	2.146084e+03 
83 	1880757.940543 	1.987486e+00 	9.157815e-01 	2.203043e+00 	1.006710e-02 	1.594378e-02 	1.795234e-02 	2.073352e+03 
84 	1882761.581843 	1.979361e+00 	9.065134e-01 	2.207768e+00 	1.014507e-02 	1.607790e-02 	1.811325e-02 	2.003641e+03 
85 	1884698.388203 	1.971343e+00 	8.973403e-01 	2.212436e+00 	1.022288e-02 	1.621175e-02 	1.827398e-02 	1.936806e+03 
86 	1886571.097455 	1.963430e+00 	8.882613e-01 	2.217050e+00 	1.030052e-02 	1.634535e-02 	1.843454e-02 	1.872709e+03 
87 	1888382.317020 	1.955619e+00 	8.792754e-01 	2.221608e+00 	1.037800e-02 	1.647868e-02 	1.859492e-02 	1.811220e+03 
88 	1890134.530958 	1.947908e+00 	8.703816e-01 	2.226112e+00 	1.045532e-02 	1.661175e-02 	1.875512e-02 	1.752214e+03 
89 	1891830.106594 	1.940295e+00 	8.615788e-01 	2.230562e+00 	1.053248e-02 	1.674456e-02 	1.891513e-02 	1.695576e+03 
90 	1893471.300754 	1.932777e+00 	8.528663e-01 	2.234958e+00 	1.060947e-02 	1.687710e-02 	1.907497e-02 	1.641194e+03 
91 	1895060.265622 	1.925352e+00 	8.442429e-01 	2.239302e+00 	1.068630e-02 	1.700937e-02 	1.923461e-02 	1.588965e+03 
92 	1896599.054259 	1.918019e+00 	8.357079e-01 	2.243593e+00 	1.076297e-02 	1.714137e-02 	1.939406e-02 	1.538789e+03 
93 	1898089.625793 	1.910774e+00 	8.272602e-01 	2.247833e+00 	1.083948e-02 	1.727311e-02 	1.955332e-02 	1.490572e+03 
94 	1899533.850311 	1.903618e+00 	8.188989e-01 	2.252022e+00 	1.091583e-02 	1.740458e-02 	1.971238e-02 	1.444225e+03 
95 	1900933.513461 	1.896547e+00 	8.106232e-01 	2.256159e+00 	1.099201e-02 	1.753577e-02 	1.987124e-02 	1.399663e+03 
96 	1902290.320796 	1.889559e+00 	8.024320e-01 	2.260247e+00 	1.106803e-02 	1.766669e-02 	2.002990e-02 	1.356807e+03 
97 	1903605.901863 	1.882654e+00 	7.943247e-01 	2.264285e+00 	1.114389e-02 	1.779734e-02 	2.018835e-02 	1.315581e+03 
98 	1904881.814059 	1.875829e+00 	7.863002e-01 	2.268274e+00 	1.121959e-02 	1.792771e-02 	2.034659e-02 	1.275912e+03 
99 	1906119.546275 	1.869083e+00 	7.783577e-01 	2.272215e+00 	1.129511e-02 	1.805780e-02 	2.050462e-02 	1.237732e+03 
100 	1907320.522323 	1.862414e+00 	7.704964e-01 	2.276107e+00 	1.137048e-02 	1.818761e-02 	2.066243e-02 	1.200976e+03 
101 	1908486.104184 	1.855821e+00 	7.627154e-01 	2.279952e+00 	1.144568e-02 	1.831714e-02 	2.082002e-02 	1.165582e+03 
102 	1909617.595066 	1.849302e+00 	7.550138e-01 	2.283750e+00 	1.152071e-02 	1.844639e-02 	2.097738e-02 	1.131491e+03 
103 	1910716.242291 	1.842856e+00 	7.473909e-01 	2.287502e+00 	1.159557e-02 	1.857534e-02 	2.113452e-02 	1.098647e+03 
104 	1911783.240037 	1.836482e+00 	7.398458e-01 	2.291207e+00 	1.167027e-02 	1.870401e-02 	2.129142e-02 	1.066998e+03 
105 	1912819.731909 	1.830178e+00 	7.323776e-01 	2.294867e+00 	1.174479e-02 	1.883239e-02 	2.144808e-02 	1.036492e+03 
106 	1913826.813389 	1.823943e+00 	7.249857e-01 	2.298483e+00 	1.181915e-02 	1.896047e-02 	2.160450e-02 	1.007081e+03 
107 	1914805.534141 	1.817776e+00 	7.176693e-01 	2.302053e+00 	1.189333e-02 	1.908825e-02 	2.176067e-02 	9.787208e+02 
108 	1915756.900198 	1.811675e+00 	7.104274e-01 	2.305580e+00 	1.196733e-02 	1.921574e-02 	2.191659e-02 	9.513661e+02 
109 	1916681.876031 	1.805640e+00 	7.032594e-01 	2.309064e+00 	1.204117e-02 	1.934292e-02 	2.207225e-02 	9.249758e+02 
110 	1917581.386506 	1.799669e+00 	6.961644e-01 	2.312504e+00 	1.211482e-02 	1.946979e-02 	2.222765e-02 	8.995105e+02 
111 	1918456.318738 	1.793762e+00 	6.891418e-01 	2.315903e+00 	1.218830e-02 	1.959635e-02 	2.238278e-02 	8.749322e+02 
112 	1919307.523851 	1.787917e+00 	6.821908e-01 	2.319259e+00 	1.226160e-02 	1.972260e-02 	2.253763e-02 	8.512051e+02 
113 	1920135.818641 	1.782133e+00 	6.753106e-01 	2.322574e+00 	1.233471e-02 	1.984853e-02 	2.269221e-02 	8.282948e+02 
114 	1920941.987156 	1.776409e+00 	6.685005e-01 	2.325848e+00 	1.240764e-02 	1.997414e-02 	2.284650e-02 	8.061685e+02 
115 	1921726.782193 	1.770744e+00 	6.617597e-01 	2.329082e+00 	1.248039e-02 	2.009942e-02 	2.300049e-02 	7.847950e+02 
116 	1922490.926719 	1.765138e+00 	6.550876e-01 	2.332275e+00 	1.255295e-02 	2.022438e-02 	2.315419e-02 	7.641445e+02 
117 	1923235.115217 	1.759590e+00 	6.484835e-01 	2.335430e+00 	1.262532e-02 	2.034900e-02 	2.330759e-02 	7.441885e+02 
118 	1923960.014968 	1.754098e+00 	6.419466e-01 	2.338545e+00 	1.269749e-02 	2.047329e-02 	2.346067e-02 	7.248998e+02 
119 	1924666.267263 	1.748662e+00 	6.354762e-01 	2.341622e+00 	1.276948e-02 	2.059724e-02 	2.361344e-02 	7.062523e+02 
120 	1925354.488561 	1.743281e+00 	6.290717e-01 	2.344660e+00 	1.284126e-02 	2.072084e-02 	2.376588e-02 	6.882213e+02 
121 	1926025.271579 	1.737955e+00 	6.227323e-01 	2.347661e+00 	1.291286e-02 	2.084409e-02 	2.391799e-02 	6.707830e+02 
122 	1926679.186341 	1.732681e+00 	6.164575e-01 	2.350626e+00 	1.298425e-02 	2.096698e-02 	2.406976e-02 	6.539148e+02 
123 	1927316.781164 	1.727461e+00 	6.102464e-01 	2.353553e+00 	1.305543e-02 	2.108952e-02 	2.422120e-02 	6.375948e+02 
124 	1927938.583601 	1.722293e+00 	6.040986e-01 	2.356444e+00 	1.312642e-02 	2.121169e-02 	2.437227e-02 	6.218024e+02 
125 	1928545.101336 	1.717176e+00 	5.980133e-01 	2.359300e+00 	1.319719e-02 	2.133350e-02 	2.452299e-02 	6.065177e+02 
126 	1929136.823039 	1.712109e+00 	5.919898e-01 	2.362120e+00 	1.326776e-02 	2.145493e-02 	2.467335e-02 	5.917217e+02 
127 	1929714.219176 	1.707093e+00 	5.860276e-01 	2.364906e+00 	1.333811e-02 	2.157599e-02 	2.482333e-02 	5.773961e+02 
128 	1930277.742781 	1.702126e+00 	5.801259e-01 	2.367657e+00 	1.340825e-02 	2.169666e-02 	2.497293e-02 	5.635236e+02 
129 	1930827.830191 	1.697208e+00 	5.742843e-01 	2.370374e+00 	1.347817e-02 	2.181695e-02 	2.512214e-02 	5.500874e+02 
130 	1931364.901751 	1.692337e+00 	5.685020e-01 	2.373058e+00 	1.354787e-02 	2.193684e-02 	2.527096e-02 	5.370716e+02 
131 	1931889.362475 	1.687515e+00 	5.627785e-01 	2.375709e+00 	1.361735e-02 	2.205633e-02 	2.541938e-02 	5.244607e+02 
132 	1932401.602689 	1.682739e+00 	5.571131e-01 	2.378327e+00 	1.368661e-02 	2.217543e-02 	2.556738e-02 	5.122402e+02 
133 	1932901.998633 	1.678010e+00 	5.515052e-01 	2.380913e+00 	1.375564e-02 	2.229411e-02 	2.571497e-02 	5.003959e+02 
134 	1933390.913043 	1.673327e+00 	5.459543e-01 	2.383467e+00 	1.382444e-02 	2.241239e-02 	2.586213e-02 	4.889144e+02 
135 	1933868.695700 	1.668689e+00 	5.404597e-01 	2.385990e+00 	1.389300e-02 	2.253024e-02 	2.600885e-02 	4.777827e+02 
136 	1934335.683959 	1.664096e+00 	5.350210e-01 	2.388482e+00 	1.396133e-02 	2.264767e-02 	2.615514e-02 	4.669883e+02 
137 	1934792.203250 	1.659547e+00 	5.296374e-01 	2.390943e+00 	1.402943e-02 	2.276467e-02 	2.630097e-02 	4.565193e+02 
138 	1935238.567557 	1.655042e+00 	5.243085e-01 	2.393374e+00 	1.409728e-02 	2.288124e-02 	2.644635e-02 	4.463643e+02 
139 	1935675.079880 	1.650580e+00 	5.190337e-01 	2.395776e+00 	1.416489e-02 	2.299738e-02 	2.659126e-02 	4.365123e+02 
140 	1936102.032667 	1.646162e+00 	5.138124e-01 	2.398148e+00 	1.423225e-02 	2.311306e-02 	2.673570e-02 	4.269528e+02 
141 	1936519.708237 	1.641785e+00 	5.086441e-01 	2.400491e+00 	1.429937e-02 	2.322830e-02 	2.687965e-02 	4.176756e+02 
142 	1936928.379176 	1.637451e+00 	5.035282e-01 	2.402806e+00 	1.436623e-02 	2.334309e-02 	2.702312e-02 	4.086709e+02 
143 	1937328.308720 	1.633158e+00 	4.984642e-01 	2.405093e+00 	1.443285e-02 	2.345741e-02 	2.716609e-02 	3.999295e+02 
144 	1937719.751121 	1.628906e+00 	4.934515e-01 	2.407352e+00 	1.449920e-02 	2.357127e-02 	2.730856e-02 	3.914424e+02 
145 	1938102.951992 	1.624695e+00 	4.884897e-01 	2.409583e+00 	1.456530e-02 	2.368466e-02 	2.745051e-02 	3.832009e+02 
146 	1938478.148646 	1.620524e+00 	4.835782e-01 	2.411788e+00 	1.463113e-02 	2.379757e-02 	2.759194e-02 	3.751967e+02 
147 	1938845.570414 	1.616392e+00 	4.787164e-01 	2.413966e+00 	1.469670e-02 	2.391001e-02 	2.773285e-02 	3.674218e+02 
148 	1939205.438945 	1.612301e+00 	4.739040e-01 	2.416117e+00 	1.476201e-02 	2.402196e-02 	2.787321e-02 	3.598685e+02 
149 	1939557.968508 	1.608248e+00 	4.691403e-01 	2.418243e+00 	1.482704e-02 	2.413341e-02 	2.801304e-02 	3.525296e+02 
150 	1939903.366264 	1.604234e+00 	4.644249e-01 	2.420344e+00 	1.489181e-02 	2.424438e-02 	2.815231e-02 	3.453978e+02 
151 	1940241.832537 	1.600258e+00 	4.597573e-01 	2.422419e+00 	1.495630e-02 	2.435484e-02 	2.829102e-02 	3.384663e+02 
152 	1940573.561073 	1.596320e+00 	4.551370e-01 	2.424469e+00 	1.502051e-02 	2.446480e-02 	2.842916e-02 	3.317285e+02 
