i 	 t 	 J_r 	 J_theta 	 J_phi 	 Omega_r 	 Omega_theta 	 Omega_phi 	 dt 
------------
0 	1.000000 	1.174075 	5.284375 	0.612617 	0.002996 	0.003315 	0.003349 	0.010830 
1 	9140.876632 	1.171216e+00 	5.278238e+00 	6.064511e-01 	3.015645e-03 	3.338781e-03 	3.373128e-03 	9.139877e+03 
2 	18061.730671 	1.168391e+00 	5.272160e+00 	6.003440e-01 	3.035729e-03 	3.362841e-03 	3.397681e-03 	8.920854e+03 
3 	26769.853885 	1.165600e+00 	5.266144e+00 	5.942987e-01 	3.055781e-03 	3.386886e-03 	3.422224e-03 	8.708123e+03 
4 	35271.425764 	1.162844e+00 	5.260189e+00 	5.883147e-01 	3.075798e-03 	3.410916e-03 	3.446755e-03 	8.501572e+03 
5 	43572.419295 	1.160120e+00 	5.254294e+00 	5.823913e-01 	3.095779e-03 	3.434929e-03 	3.471271e-03 	8.300994e+03 
6 	51678.608331 	1.157430e+00 	5.248460e+00 	5.765280e-01 	3.115723e-03 	3.458922e-03 	3.495772e-03 	8.106189e+03 
7 	59595.574983 	1.154772e+00 	5.242685e+00 	5.707240e-01 	3.135629e-03 	3.482894e-03 	3.520254e-03 	7.916967e+03 
8 	67328.716703 	1.152147e+00 	5.236968e+00 	5.649788e-01 	3.155495e-03 	3.506844e-03 	3.544718e-03 	7.733142e+03 
9 	74883.253088 	1.149554e+00 	5.231310e+00 	5.592918e-01 	3.175320e-03 	3.530769e-03 	3.569160e-03 	7.554536e+03 
10 	82264.232409 	1.146992e+00 	5.225710e+00 	5.536624e-01 	3.195102e-03 	3.554669e-03 	3.593579e-03 	7.380979e+03 
11 	89476.537881 	1.144462e+00 	5.220166e+00 	5.480900e-01 	3.214841e-03 	3.578541e-03 	3.617973e-03 	7.212305e+03 
12 	96524.893675 	1.141963e+00 	5.214679e+00 	5.425741e-01 	3.234534e-03 	3.602384e-03 	3.642341e-03 	7.048356e+03 
13 	103413.870701 	1.139494e+00 	5.209248e+00 	5.371139e-01 	3.254181e-03 	3.626196e-03 	3.666681e-03 	6.888977e+03 
14 	110147.892157 	1.137056e+00 	5.203871e+00 	5.317091e-01 	3.273781e-03 	3.649975e-03 	3.690992e-03 	6.734021e+03 
15 	116731.238855 	1.134647e+00 	5.198550e+00 	5.263589e-01 	3.293332e-03 	3.673720e-03 	3.715271e-03 	6.583347e+03 
16 	123168.054343 	1.132268e+00 	5.193283e+00 	5.210629e-01 	3.312833e-03 	3.697430e-03 	3.739517e-03 	6.436815e+03 
17 	129462.349826 	1.129919e+00 	5.188069e+00 	5.158205e-01 	3.332283e-03 	3.721103e-03 	3.763729e-03 	6.294295e+03 
18 	135618.008885 	1.127598e+00 	5.182908e+00 	5.106311e-01 	3.351681e-03 	3.744736e-03 	3.787905e-03 	6.155659e+03 
19 	141638.792024 	1.125306e+00 	5.177800e+00 	5.054943e-01 	3.371025e-03 	3.768330e-03 	3.812043e-03 	6.020783e+03 
20 	147528.341034 	1.123042e+00 	5.172743e+00 	5.004094e-01 	3.390315e-03 	3.791881e-03 	3.836142e-03 	5.889549e+03 
21 	153290.183187 	1.120806e+00 	5.167738e+00 	4.953759e-01 	3.409549e-03 	3.815390e-03 	3.860200e-03 	5.761842e+03 
22 	158927.735267 	1.118598e+00 	5.162784e+00 	4.903934e-01 	3.428726e-03 	3.838853e-03 	3.884215e-03 	5.637552e+03 
23 	164444.307452 	1.116417e+00 	5.157880e+00 	4.854612e-01 	3.447845e-03 	3.862271e-03 	3.908187e-03 	5.516572e+03 
24 	169843.107041 	1.114263e+00 	5.153026e+00 	4.805790e-01 	3.466906e-03 	3.885640e-03 	3.932114e-03 	5.398800e+03 
25 	175127.242036 	1.112136e+00 	5.148222e+00 	4.757461e-01 	3.485906e-03 	3.908961e-03 	3.955993e-03 	5.284135e+03 
26 	180299.724597 	1.110035e+00 	5.143466e+00 	4.709620e-01 	3.504846e-03 	3.932231e-03 	3.979825e-03 	5.172483e+03 
27 	185363.474355 	1.107961e+00 	5.138758e+00 	4.662264e-01 	3.523723e-03 	3.955449e-03 	4.003606e-03 	5.063750e+03 
28 	190321.321605 	1.105912e+00 	5.134099e+00 	4.615386e-01 	3.542538e-03 	3.978614e-03 	4.027337e-03 	4.957847e+03 
29 	195176.010377 	1.103889e+00 	5.129486e+00 	4.568982e-01 	3.561289e-03 	4.001724e-03 	4.051015e-03 	4.854689e+03 
30 	199930.201391 	1.101891e+00 	5.124921e+00 	4.523046e-01 	3.579975e-03 	4.024779e-03 	4.074639e-03 	4.754191e+03 
31 	204586.474901 	1.099918e+00 	5.120402e+00 	4.477576e-01 	3.598595e-03 	4.047776e-03 	4.098208e-03 	4.656274e+03 
32 	209147.333433 	1.097969e+00 	5.115928e+00 	4.432564e-01 	3.617148e-03 	4.070715e-03 	4.121721e-03 	4.560859e+03 
33 	213615.204419 	1.096045e+00 	5.111500e+00 	4.388008e-01 	3.635635e-03 	4.093593e-03 	4.145175e-03 	4.467871e+03 
34 	217992.442735 	1.094145e+00 	5.107117e+00 	4.343901e-01 	3.654052e-03 	4.116411e-03 	4.168570e-03 	4.377238e+03 
35 	222281.333144 	1.092269e+00 	5.102779e+00 	4.300240e-01 	3.672401e-03 	4.139167e-03 	4.191905e-03 	4.288890e+03 
36 	226484.092647 	1.090417e+00 	5.098485e+00 	4.257020e-01 	3.690679e-03 	4.161859e-03 	4.215177e-03 	4.202760e+03 
37 	230602.872751 	1.088588e+00 	5.094234e+00 	4.214237e-01 	3.708887e-03 	4.184486e-03 	4.238387e-03 	4.118780e+03 
38 	234639.761651 	1.086781e+00 	5.090026e+00 	4.171886e-01 	3.727023e-03 	4.207047e-03 	4.261533e-03 	4.036889e+03 
39 	238596.786329 	1.084998e+00 	5.085861e+00 	4.129963e-01 	3.745086e-03 	4.229542e-03 	4.284613e-03 	3.957025e+03 
40 	242475.914587 	1.083237e+00 	5.081739e+00 	4.088462e-01 	3.763077e-03 	4.251968e-03 	4.307626e-03 	3.879128e+03 
41 	246279.056990 	1.081498e+00 	5.077658e+00 	4.047381e-01 	3.780993e-03 	4.274325e-03 	4.330572e-03 	3.803142e+03 
42 	250008.068755 	1.079781e+00 	5.073618e+00 	4.006715e-01 	3.798835e-03 	4.296612e-03 	4.353448e-03 	3.729012e+03 
43 	253664.751558 	1.078086e+00 	5.069620e+00 	3.966459e-01 	3.816602e-03 	4.318827e-03 	4.376254e-03 	3.656683e+03 
44 	257250.855284 	1.076412e+00 	5.065662e+00 	3.926610e-01 	3.834292e-03 	4.340970e-03 	4.398990e-03 	3.586104e+03 
45 	260768.079715 	1.074760e+00 	5.061744e+00 	3.887162e-01 	3.851906e-03 	4.363039e-03 	4.421652e-03 	3.517224e+03 
46 	264218.076146 	1.073128e+00 	5.057866e+00 	3.848113e-01 	3.869443e-03 	4.385033e-03 	4.444242e-03 	3.449996e+03 
47 	267602.448957 	1.071518e+00 	5.054027e+00 	3.809458e-01 	3.886902e-03 	4.406953e-03 	4.466757e-03 	3.384373e+03 
48 	270922.757126 	1.069927e+00 	5.050227e+00 	3.771193e-01 	3.904283e-03 	4.428795e-03 	4.489196e-03 	3.320308e+03 
49 	274180.515678 	1.068357e+00 	5.046466e+00 	3.733314e-01 	3.921584e-03 	4.450560e-03 	4.511559e-03 	3.257759e+03 
50 	277377.197097 	1.066807e+00 	5.042743e+00 	3.695818e-01 	3.938806e-03 	4.472247e-03 	4.533845e-03 	3.196681e+03 
51 	280514.232680 	1.065277e+00 	5.039058e+00 	3.658699e-01 	3.955948e-03 	4.493855e-03 	4.556052e-03 	3.137036e+03 
52 	283593.013842 	1.063766e+00 	5.035410e+00 	3.621955e-01 	3.973009e-03 	4.515382e-03 	4.578180e-03 	3.078781e+03 
53 	286614.893381 	1.062274e+00 	5.031798e+00 	3.585582e-01 	3.989990e-03 	4.536828e-03 	4.600228e-03 	3.021880e+03 
54 	289581.186695 	1.060802e+00 	5.028224e+00 	3.549575e-01 	4.006888e-03 	4.558192e-03 	4.622194e-03 	2.966293e+03 
55 	292493.172960 	1.059348e+00 	5.024686e+00 	3.513932e-01 	4.023704e-03 	4.579474e-03 	4.644078e-03 	2.911986e+03 
56 	295352.096258 	1.057913e+00 	5.021183e+00 	3.478648e-01 	4.040438e-03 	4.600672e-03 	4.665880e-03 	2.858923e+03 
57 	298159.166681 	1.056497e+00 	5.017716e+00 	3.443720e-01 	4.057089e-03 	4.621786e-03 	4.687597e-03 	2.807070e+03 
58 	300915.561382 	1.055098e+00 	5.014285e+00 	3.409144e-01 	4.073656e-03 	4.642814e-03 	4.709230e-03 	2.756395e+03 
59 	303622.425599 	1.053718e+00 	5.010888e+00 	3.374916e-01 	4.090140e-03 	4.663757e-03 	4.730777e-03 	2.706864e+03 
60 	306280.873640 	1.052355e+00 	5.007525e+00 	3.341034e-01 	4.106539e-03 	4.684613e-03 	4.752239e-03 	2.658448e+03 
61 	308891.989837 	1.051010e+00 	5.004196e+00 	3.307493e-01 	4.122854e-03 	4.705382e-03 	4.773613e-03 	2.611116e+03 
62 	311456.829465 	1.049682e+00 	5.000902e+00 	3.274290e-01 	4.139083e-03 	4.726062e-03 	4.794899e-03 	2.564840e+03 
63 	313976.419629 	1.048371e+00 	4.997640e+00 	3.241422e-01 	4.155228e-03 	4.746654e-03 	4.816097e-03 	2.519590e+03 
64 	316451.760127 	1.047077e+00 	4.994412e+00 	3.208885e-01 	4.171287e-03 	4.767157e-03 	4.837206e-03 	2.475340e+03 
65 	318883.824275 	1.045800e+00 	4.991216e+00 	3.176676e-01 	4.187260e-03 	4.787570e-03 	4.858225e-03 	2.432064e+03 
66 	321273.559709 	1.044539e+00 	4.988053e+00 	3.144792e-01 	4.203147e-03 	4.807892e-03 	4.879154e-03 	2.389735e+03 
67 	323621.889163 	1.043295e+00 	4.984921e+00 	3.113229e-01 	4.218947e-03 	4.828123e-03 	4.899991e-03 	2.348329e+03 
68 	325929.711217 	1.042066e+00 	4.981822e+00 	3.081984e-01 	4.234661e-03 	4.848262e-03 	4.920736e-03 	2.307822e+03 
69 	328197.901017 	1.040854e+00 	4.978753e+00 	3.051053e-01 	4.250288e-03 	4.868309e-03 	4.941389e-03 	2.268190e+03 
70 	330427.310979 	1.039657e+00 	4.975716e+00 	3.020434e-01 	4.265828e-03 	4.888263e-03 	4.961949e-03 	2.229410e+03 
71 	332618.771464 	1.038476e+00 	4.972710e+00 	2.990124e-01 	4.281280e-03 	4.908123e-03 	4.982416e-03 	2.191460e+03 
72 	334773.091432 	1.037311e+00 	4.969734e+00 	2.960119e-01 	4.296645e-03 	4.927890e-03 	5.002788e-03 	2.154320e+03 
73 	336891.059075 	1.036160e+00 	4.966788e+00 	2.930416e-01 	4.311922e-03 	4.947562e-03 	5.023066e-03 	2.117968e+03 
74 	338973.442428 	1.035024e+00 	4.963872e+00 	2.901012e-01 	4.327111e-03 	4.967139e-03 	5.043248e-03 	2.082383e+03 
75 	341020.989964 	1.033903e+00 	4.960985e+00 	2.871904e-01 	4.342212e-03 	4.986621e-03 	5.063335e-03 	2.047548e+03 
76 	343034.431161 	1.032797e+00 	4.958127e+00 	2.843090e-01 	4.357224e-03 	5.006008e-03 	5.083326e-03 	2.013441e+03 
77 	345014.477061 	1.031705e+00 	4.955299e+00 	2.814565e-01 	4.372149e-03 	5.025298e-03 	5.103220e-03 	1.980046e+03 
78 	346961.820804 	1.030628e+00 	4.952499e+00 	2.786328e-01 	4.386985e-03 	5.044491e-03 	5.123016e-03 	1.947344e+03 
79 	348877.138144 	1.029564e+00 	4.949727e+00 	2.758375e-01 	4.401733e-03 	5.063588e-03 	5.142716e-03 	1.915317e+03 
80 	350761.087957 	1.028515e+00 	4.946984e+00 	2.730703e-01 	4.416391e-03 	5.082587e-03 	5.162317e-03 	1.883950e+03 
81 	352614.312721 	1.027479e+00 	4.944268e+00 	2.703310e-01 	4.430962e-03 	5.101489e-03 	5.181820e-03 	1.853225e+03 
82 	354437.438989 	1.026457e+00 	4.941580e+00 	2.676193e-01 	4.445443e-03 	5.120293e-03 	5.201225e-03 	1.823126e+03 
83 	356231.077843 	1.025448e+00 	4.938919e+00 	2.649348e-01 	4.459836e-03 	5.138998e-03 	5.220530e-03 	1.793639e+03 
84 	357995.825334 	1.024452e+00 	4.936284e+00 	2.622774e-01 	4.474140e-03 	5.157605e-03 	5.239736e-03 	1.764747e+03 
85 	359732.262915 	1.023469e+00 	4.933677e+00 	2.596467e-01 	4.488355e-03 	5.176113e-03 	5.258843e-03 	1.736438e+03 
86 	361440.957842 	1.022500e+00 	4.931095e+00 	2.570425e-01 	4.502481e-03 	5.194521e-03 	5.277849e-03 	1.708695e+03 
87 	363122.463584 	1.021543e+00 	4.928540e+00 	2.544645e-01 	4.516518e-03 	5.212831e-03 	5.296755e-03 	1.681506e+03 
88 	364777.320208 	1.020598e+00 	4.926011e+00 	2.519124e-01 	4.530467e-03 	5.231041e-03 	5.315560e-03 	1.654857e+03 
89 	366406.054755 	1.019666e+00 	4.923507e+00 	2.493860e-01 	4.544327e-03 	5.249150e-03 	5.334265e-03 	1.628735e+03 
90 	368009.181600 	1.018746e+00 	4.921029e+00 	2.468850e-01 	4.558098e-03 	5.267160e-03 	5.352868e-03 	1.603127e+03 
91 	369587.202809 	1.017839e+00 	4.918575e+00 	2.444092e-01 	4.571780e-03 	5.285070e-03 	5.371370e-03 	1.578021e+03 
92 	371140.608478 	1.016943e+00 	4.916147e+00 	2.419582e-01 	4.585374e-03 	5.302879e-03 	5.389771e-03 	1.553406e+03 
93 	372669.877063 	1.016059e+00 	4.913743e+00 	2.395320e-01 	4.598879e-03 	5.320588e-03 	5.408070e-03 	1.529269e+03 
94 	374175.475704 	1.015187e+00 	4.911363e+00 	2.371301e-01 	4.612296e-03 	5.338196e-03 	5.426267e-03 	1.505599e+03 
95 	375657.860532 	1.014326e+00 	4.909007e+00 	2.347524e-01 	4.625624e-03 	5.355703e-03 	5.444362e-03 	1.482385e+03 
96 	377117.476971 	1.013477e+00 	4.906675e+00 	2.323986e-01 	4.638864e-03 	5.373109e-03 	5.462354e-03 	1.459616e+03 
97 	378554.760032 	1.012639e+00 	4.904367e+00 	2.300684e-01 	4.652016e-03 	5.390415e-03 	5.480245e-03 	1.437283e+03 
98 	379970.134593 	1.011812e+00 	4.902082e+00 	2.277617e-01 	4.665079e-03 	5.407619e-03 	5.498033e-03 	1.415375e+03 
99 	381364.015677 	1.010996e+00 	4.899820e+00 	2.254782e-01 	4.678055e-03 	5.424722e-03 	5.515718e-03 	1.393881e+03 
100 	382736.808714 	1.010191e+00 	4.897580e+00 	2.232176e-01 	4.690943e-03 	5.441723e-03 	5.533301e-03 	1.372793e+03 
101 	384088.909801 	1.009396e+00 	4.895364e+00 	2.209798e-01 	4.703744e-03 	5.458624e-03 	5.550781e-03 	1.352101e+03 
102 	385420.705955 	1.008612e+00 	4.893170e+00 	2.187645e-01 	4.716457e-03 	5.475423e-03 	5.568158e-03 	1.331796e+03 
103 	386732.575352 	1.007839e+00 	4.890998e+00 	2.165714e-01 	4.729083e-03 	5.492120e-03 	5.585432e-03 	1.311869e+03 
104 	388024.887562 	1.007075e+00 	4.888848e+00 	2.144004e-01 	4.741621e-03 	5.508717e-03 	5.602603e-03 	1.292312e+03 
105 	389298.003780 	1.006322e+00 	4.886719e+00 	2.122512e-01 	4.754073e-03 	5.525212e-03 	5.619671e-03 	1.273116e+03 
106 	390552.277048 	1.005579e+00 	4.884612e+00 	2.101236e-01 	4.766438e-03 	5.541605e-03 	5.636637e-03 	1.254273e+03 
107 	391788.052467 	1.004845e+00 	4.882527e+00 	2.080174e-01 	4.778717e-03 	5.557898e-03 	5.653499e-03 	1.235775e+03 
108 	393005.667409 	1.004122e+00 	4.880462e+00 	2.059323e-01 	4.790909e-03 	5.574089e-03 	5.670259e-03 	1.217615e+03 
109 	394205.451717 	1.003408e+00 	4.878419e+00 	2.038682e-01 	4.803015e-03 	5.590179e-03 	5.686915e-03 	1.199784e+03 
110 	395387.727901 	1.002703e+00 	4.876395e+00 	2.018249e-01 	4.815036e-03 	5.606167e-03 	5.703469e-03 	1.182276e+03 
111 	396552.811334 	1.002008e+00 	4.874393e+00 	1.998021e-01 	4.826970e-03 	5.622055e-03 	5.719920e-03 	1.165083e+03 
112 	397701.010430 	1.001322e+00 	4.872410e+00 	1.977996e-01 	4.838820e-03 	5.637842e-03 	5.736268e-03 	1.148199e+03 
113 	398832.626829 	1.000646e+00 	4.870448e+00 	1.958172e-01 	4.850584e-03 	5.653528e-03 	5.752514e-03 	1.131616e+03 
114 	399947.955570 	9.999781e-01 	4.868505e+00 	1.938547e-01 	4.862263e-03 	5.669113e-03 	5.768656e-03 	1.115329e+03 
115 	401047.285260 	9.993193e-01 	4.866582e+00 	1.919120e-01 	4.873858e-03 	5.684598e-03 	5.784697e-03 	1.099330e+03 
116 	402130.898238 	9.986693e-01 	4.864678e+00 	1.899887e-01 	4.885368e-03 	5.699982e-03 	5.800635e-03 	1.083613e+03 
117 	403199.070737 	9.980280e-01 	4.862794e+00 	1.880848e-01 	4.896795e-03 	5.715265e-03 	5.816470e-03 	1.068172e+03 
118 	404252.073037 	9.973952e-01 	4.860928e+00 	1.862000e-01 	4.908137e-03 	5.730449e-03 	5.832204e-03 	1.053002e+03 
119 	405290.169620 	9.967709e-01 	4.859082e+00 	1.843342e-01 	4.919396e-03 	5.745532e-03 	5.847835e-03 	1.038097e+03 
120 	406313.619309 	9.961549e-01 	4.857254e+00 	1.824871e-01 	4.930572e-03 	5.760516e-03 	5.863365e-03 	1.023450e+03 
121 	407322.675417 	9.955472e-01 	4.855444e+00 	1.806585e-01 	4.941665e-03 	5.775400e-03 	5.878792e-03 	1.009056e+03 
122 	408317.585884 	9.949476e-01 	4.853653e+00 	1.788483e-01 	4.952676e-03 	5.790184e-03 	5.894119e-03 	9.949105e+02 
123 	409298.593408 	9.943560e-01 	4.851880e+00 	1.770562e-01 	4.963604e-03 	5.804869e-03 	5.909343e-03 	9.810075e+02 
124 	410265.935580 	9.937723e-01 	4.850124e+00 	1.752822e-01 	4.974450e-03 	5.819455e-03 	5.924467e-03 	9.673422e+02 
125 	411219.845007 	9.931964e-01 	4.848387e+00 	1.735260e-01 	4.985215e-03 	5.833943e-03 	5.939490e-03 	9.539094e+02 
126 	412160.549439 	9.926282e-01 	4.846666e+00 	1.717874e-01 	4.995898e-03 	5.848331e-03 	5.954412e-03 	9.407044e+02 
127 	413088.271887 	9.920676e-01 	4.844964e+00 	1.700663e-01 	5.006500e-03 	5.862621e-03 	5.969233e-03 	9.277224e+02 
128 	414003.230737 	9.915145e-01 	4.843278e+00 	1.683624e-01 	5.017022e-03 	5.876813e-03 	5.983954e-03 	9.149589e+02 
129 	414905.639868 	9.909688e-01 	4.841609e+00 	1.666757e-01 	5.027463e-03 	5.890907e-03 	5.998575e-03 	9.024091e+02 
130 	415795.708761 	9.904304e-01 	4.839957e+00 	1.650059e-01 	5.037824e-03 	5.904903e-03 	6.013096e-03 	8.900689e+02 
131 	416673.642602 	9.898992e-01 	4.838322e+00 	1.633528e-01 	5.048106e-03 	5.918802e-03 	6.027517e-03 	8.779338e+02 
132 	417539.642393 	9.893752e-01 	4.836703e+00 	1.617164e-01 	5.058308e-03 	5.932604e-03 	6.041839e-03 	8.659998e+02 
133 	418393.905046 	9.888581e-01 	4.835101e+00 	1.600963e-01 	5.068432e-03 	5.946309e-03 	6.056062e-03 	8.542627e+02 
134 	419236.623486 	9.883480e-01 	4.833515e+00 	1.584926e-01 	5.078477e-03 	5.959918e-03 	6.070186e-03 	8.427184e+02 
135 	420067.986748 	9.878447e-01 	4.831945e+00 	1.569049e-01 	5.088444e-03 	5.973430e-03 	6.084211e-03 	8.313633e+02 
136 	420888.180065 	9.873482e-01 	4.830390e+00 	1.553332e-01 	5.098333e-03 	5.986846e-03 	6.098138e-03 	8.201933e+02 
137 	421697.384964 	9.868583e-01 	4.828851e+00 	1.537772e-01 	5.108144e-03 	6.000167e-03 	6.111967e-03 	8.092049e+02 
138 	422495.779349 	9.863750e-01 	4.827328e+00 	1.522369e-01 	5.117879e-03 	6.013392e-03 	6.125699e-03 	7.983944e+02 
139 	423283.537593 	9.858982e-01 	4.825820e+00 	1.507120e-01 	5.127537e-03 	6.026522e-03 	6.139333e-03 	7.877582e+02 
140 	424060.830615 	9.854277e-01 	4.824327e+00 	1.492024e-01 	5.137118e-03 	6.039557e-03 	6.152870e-03 	7.772930e+02 
141 	424827.825968 	9.849636e-01 	4.822850e+00 	1.477079e-01 	5.146624e-03 	6.052499e-03 	6.166310e-03 	7.669954e+02 
