i 	 t 	 J_r 	 J_theta 	 J_phi 	 Omega_r 	 Omega_theta 	 Omega_phi 	 dt 
------------
0 	1.000000 	0.020662 	5.809624 	1.240781 	0.002882 	0.003075 	0.003092 	0.010830 
1 	3421.456848 	2.045582e-02 	5.804806e+00 	1.235959e+00 	2.894109e-03 	3.088431e-03 	3.105501e-03 	3.420457e+03 
2 	6802.825013 	2.025112e-02 	5.799995e+00 	1.231143e+00 	2.906352e-03 	3.102131e-03 	3.119351e-03 	3.381368e+03 
3 	10145.555267 	2.004846e-02 	5.795193e+00 	1.226336e+00 	2.918638e-03 	3.115883e-03 	3.133256e-03 	3.342730e+03 
4 	13450.120354 	1.984783e-02 	5.790401e+00 	1.221540e+00 	2.930967e-03 	3.129689e-03 	3.147215e-03 	3.304565e+03 
5 	16716.986779 	1.964922e-02 	5.785618e+00 	1.216752e+00 	2.943339e-03 	3.143548e-03 	3.161229e-03 	3.266866e+03 
6 	19946.614784 	1.945259e-02 	5.780845e+00 	1.211974e+00 	2.955754e-03 	3.157460e-03 	3.175297e-03 	3.229628e+03 
7 	23139.458442 	1.925792e-02 	5.776081e+00 	1.207206e+00 	2.968211e-03 	3.171427e-03 	3.189421e-03 	3.192844e+03 
8 	26295.965748 	1.906521e-02 	5.771327e+00 	1.202447e+00 	2.980713e-03 	3.185447e-03 	3.203600e-03 	3.156507e+03 
9 	29416.578715 	1.887443e-02 	5.766582e+00 	1.197698e+00 	2.993257e-03 	3.199521e-03 	3.217834e-03 	3.120613e+03 
10 	32501.733458 	1.868555e-02 	5.761847e+00 	1.192958e+00 	3.005846e-03 	3.213650e-03 	3.232124e-03 	3.085155e+03 
11 	35551.860283 	1.849857e-02 	5.757121e+00 	1.188227e+00 	3.018478e-03 	3.227833e-03 	3.246470e-03 	3.050127e+03 
12 	38567.383777 	1.831346e-02 	5.752404e+00 	1.183506e+00 	3.031154e-03 	3.242072e-03 	3.260872e-03 	3.015523e+03 
13 	41548.722892 	1.813020e-02 	5.747697e+00 	1.178794e+00 	3.043874e-03 	3.256365e-03 	3.275331e-03 	2.981339e+03 
14 	44496.291023 	1.794878e-02 	5.742999e+00 	1.174091e+00 	3.056639e-03 	3.270714e-03 	3.289847e-03 	2.947568e+03 
15 	47410.496099 	1.776917e-02 	5.738310e+00 	1.169397e+00 	3.069448e-03 	3.285119e-03 	3.304419e-03 	2.914205e+03 
16 	50291.740658 	1.759136e-02 	5.733630e+00 	1.164713e+00 	3.082301e-03 	3.299579e-03 	3.319049e-03 	2.881245e+03 
17 	53140.421929 	1.741533e-02 	5.728960e+00 	1.160038e+00 	3.095199e-03 	3.314096e-03 	3.333737e-03 	2.848681e+03 
18 	55956.931909 	1.724107e-02 	5.724298e+00 	1.155372e+00 	3.108142e-03 	3.328668e-03 	3.348482e-03 	2.816510e+03 
19 	58741.657440 	1.706854e-02 	5.719646e+00 	1.150715e+00 	3.121131e-03 	3.343298e-03 	3.363285e-03 	2.784726e+03 
20 	61494.980286 	1.689775e-02 	5.715003e+00 	1.146067e+00 	3.134164e-03 	3.357984e-03 	3.378146e-03 	2.753323e+03 
21 	64217.277206 	1.672866e-02 	5.710369e+00 	1.141428e+00 	3.147243e-03 	3.372727e-03 	3.393066e-03 	2.722297e+03 
22 	66908.920027 	1.656127e-02 	5.705744e+00 	1.136798e+00 	3.160367e-03 	3.387527e-03 	3.408045e-03 	2.691643e+03 
23 	69570.275718 	1.639555e-02 	5.701128e+00 	1.132177e+00 	3.173537e-03 	3.402385e-03 	3.423082e-03 	2.661356e+03 
24 	72201.706458 	1.623149e-02 	5.696521e+00 	1.127565e+00 	3.186752e-03 	3.417301e-03 	3.438179e-03 	2.631431e+03 
25 	74803.569709 	1.606908e-02 	5.691923e+00 	1.122962e+00 	3.200014e-03 	3.432275e-03 	3.453336e-03 	2.601863e+03 
26 	77376.218279 	1.590829e-02 	5.687333e+00 	1.118368e+00 	3.213322e-03 	3.447307e-03 	3.468552e-03 	2.572649e+03 
27 	79920.000396 	1.574911e-02 	5.682753e+00 	1.113782e+00 	3.226676e-03 	3.462397e-03 	3.483828e-03 	2.543782e+03 
28 	82435.259771 	1.559152e-02 	5.678182e+00 	1.109206e+00 	3.240077e-03 	3.477547e-03 	3.499165e-03 	2.515259e+03 
29 	84922.335660 	1.543551e-02 	5.673619e+00 	1.104638e+00 	3.253524e-03 	3.492755e-03 	3.514562e-03 	2.487076e+03 
30 	87381.562936 	1.528106e-02 	5.669065e+00 	1.100079e+00 	3.267018e-03 	3.508023e-03 	3.530020e-03 	2.459227e+03 
31 	89813.272143 	1.512816e-02 	5.664520e+00 	1.095529e+00 	3.280559e-03 	3.523350e-03 	3.545539e-03 	2.431709e+03 
32 	92217.789566 	1.497679e-02 	5.659983e+00 	1.090988e+00 	3.294148e-03 	3.538737e-03 	3.561119e-03 	2.404517e+03 
33 	94595.437287 	1.482693e-02 	5.655456e+00 	1.086455e+00 	3.307783e-03 	3.554183e-03 	3.576761e-03 	2.377648e+03 
34 	96946.533247 	1.467858e-02 	5.650937e+00 	1.081931e+00 	3.321466e-03 	3.569690e-03 	3.592465e-03 	2.351096e+03 
35 	99271.391304 	1.453170e-02 	5.646426e+00 	1.077415e+00 	3.335196e-03 	3.585258e-03 	3.608231e-03 	2.324858e+03 
36 	101570.321293 	1.438630e-02 	5.641925e+00 	1.072908e+00 	3.348975e-03 	3.600886e-03 	3.624060e-03 	2.298930e+03 
37 	103843.629083 	1.424236e-02 	5.637431e+00 	1.068410e+00 	3.362801e-03 	3.616576e-03 	3.639951e-03 	2.273308e+03 
38 	106091.616629 	1.409985e-02 	5.632947e+00 	1.063920e+00 	3.376675e-03 	3.632327e-03 	3.655905e-03 	2.247988e+03 
39 	108314.582035 	1.395877e-02 	5.628471e+00 	1.059439e+00 	3.390598e-03 	3.648139e-03 	3.671922e-03 	2.222965e+03 
40 	110512.819603 	1.381910e-02 	5.624003e+00 	1.054966e+00 	3.404569e-03 	3.664013e-03 	3.688003e-03 	2.198238e+03 
41 	112686.619886 	1.368084e-02 	5.619544e+00 	1.050502e+00 	3.418588e-03 	3.679949e-03 	3.704148e-03 	2.173800e+03 
42 	114836.269746 	1.354395e-02 	5.615094e+00 	1.046046e+00 	3.432656e-03 	3.695948e-03 	3.720357e-03 	2.149650e+03 
43 	116962.052402 	1.340844e-02 	5.610651e+00 	1.041599e+00 	3.446774e-03 	3.712009e-03 	3.736630e-03 	2.125783e+03 
44 	119064.247481 	1.327428e-02 	5.606218e+00 	1.037160e+00 	3.460940e-03 	3.728132e-03 	3.752967e-03 	2.102195e+03 
45 	121143.131070 	1.314146e-02 	5.601792e+00 	1.032729e+00 	3.475155e-03 	3.744319e-03 	3.769370e-03 	2.078884e+03 
46 	123198.975765 	1.300998e-02 	5.597375e+00 	1.028307e+00 	3.489420e-03 	3.760570e-03 	3.785838e-03 	2.055845e+03 
47 	125232.050721 	1.287981e-02 	5.592967e+00 	1.023893e+00 	3.503735e-03 	3.776884e-03 	3.802371e-03 	2.033075e+03 
48 	127242.621696 	1.275094e-02 	5.588567e+00 	1.019487e+00 	3.518099e-03 	3.793262e-03 	3.818970e-03 	2.010571e+03 
49 	129230.951105 	1.262336e-02 	5.584175e+00 	1.015090e+00 	3.532513e-03 	3.809704e-03 	3.835635e-03 	1.988329e+03 
50 	131197.298058 	1.249706e-02 	5.579791e+00 	1.010701e+00 	3.546977e-03 	3.826210e-03 	3.852366e-03 	1.966347e+03 
51 	133141.918414 	1.237202e-02 	5.575415e+00 	1.006320e+00 	3.561492e-03 	3.842782e-03 	3.869164e-03 	1.944620e+03 
52 	135065.064822 	1.224824e-02 	5.571048e+00 	1.001947e+00 	3.576057e-03 	3.859418e-03 	3.886029e-03 	1.923146e+03 
53 	136966.986763 	1.212569e-02 	5.566689e+00 	9.975823e-01 	3.590672e-03 	3.876119e-03 	3.902960e-03 	1.901922e+03 
54 	138847.930601 	1.200437e-02 	5.562338e+00 	9.932259e-01 	3.605338e-03 	3.892886e-03 	3.919960e-03 	1.880944e+03 
55 	140708.139618 	1.188427e-02 	5.557995e+00 	9.888776e-01 	3.620055e-03 	3.909719e-03 	3.937027e-03 	1.860209e+03 
56 	142547.854061 	1.176536e-02 	5.553661e+00 	9.845374e-01 	3.634823e-03 	3.926618e-03 	3.954162e-03 	1.839714e+03 
57 	144367.311183 	1.164765e-02 	5.549334e+00 	9.802053e-01 	3.649642e-03 	3.943583e-03 	3.971365e-03 	1.819457e+03 
58 	146166.745285 	1.153111e-02 	5.545016e+00 	9.758813e-01 	3.664513e-03 	3.960615e-03 	3.988637e-03 	1.799434e+03 
59 	147946.387754 	1.141574e-02 	5.540705e+00 	9.715653e-01 	3.679435e-03 	3.977714e-03 	4.005978e-03 	1.779642e+03 
60 	149706.467102 	1.130153e-02 	5.536403e+00 	9.672573e-01 	3.694409e-03 	3.994880e-03 	4.023388e-03 	1.760079e+03 
61 	151447.209011 	1.118846e-02 	5.532109e+00 	9.629573e-01 	3.709435e-03 	4.012114e-03 	4.040868e-03 	1.740742e+03 
62 	153168.836365 	1.107652e-02 	5.527822e+00 	9.586653e-01 	3.724513e-03 	4.029415e-03 	4.058417e-03 	1.721627e+03 
63 	154871.569293 	1.096570e-02 	5.523544e+00 	9.543812e-01 	3.739644e-03 	4.046784e-03 	4.076036e-03 	1.702733e+03 
64 	156555.625203 	1.085599e-02 	5.519273e+00 	9.501051e-01 	3.754826e-03 	4.064222e-03 	4.093726e-03 	1.684056e+03 
65 	158221.218820 	1.074737e-02 	5.515011e+00 	9.458368e-01 	3.770061e-03 	4.081728e-03 	4.111487e-03 	1.665594e+03 
66 	159868.562223 	1.063985e-02 	5.510756e+00 	9.415765e-01 	3.785349e-03 	4.099303e-03 	4.129318e-03 	1.647343e+03 
67 	161497.864881 	1.053340e-02 	5.506510e+00 	9.373240e-01 	3.800690e-03 	4.116947e-03 	4.147221e-03 	1.629303e+03 
68 	163109.333687 	1.042801e-02 	5.502271e+00 	9.330794e-01 	3.816084e-03 	4.134661e-03 	4.165196e-03 	1.611469e+03 
69 	164703.172993 	1.032368e-02 	5.498040e+00 	9.288425e-01 	3.831531e-03 	4.152444e-03 	4.183242e-03 	1.593839e+03 
70 	166279.584644 	1.022040e-02 	5.493817e+00 	9.246135e-01 	3.847032e-03 	4.170297e-03 	4.201360e-03 	1.576412e+03 
71 	167838.768013 	1.011815e-02 	5.489601e+00 	9.203923e-01 	3.862586e-03 	4.188221e-03 	4.219551e-03 	1.559183e+03 
72 	169380.920034 	1.001692e-02 	5.485394e+00 	9.161788e-01 	3.878194e-03 	4.206215e-03 	4.237815e-03 	1.542152e+03 
73 	170906.235231 	9.916703e-03 	5.481194e+00 	9.119731e-01 	3.893856e-03 	4.224281e-03 	4.256152e-03 	1.525315e+03 
74 	172414.905756 	9.817490e-03 	5.477002e+00 	9.077751e-01 	3.909573e-03 	4.242417e-03 	4.274563e-03 	1.508671e+03 
75 	173907.121417 	9.719270e-03 	5.472817e+00 	9.035847e-01 	3.925343e-03 	4.260625e-03 	4.293047e-03 	1.492216e+03 
76 	175383.069710 	9.622033e-03 	5.468641e+00 	8.994021e-01 	3.941168e-03 	4.278905e-03 	4.311605e-03 	1.475948e+03 
77 	176842.935849 	9.525769e-03 	5.464472e+00 	8.952271e-01 	3.957047e-03 	4.297256e-03 	4.330238e-03 	1.459866e+03 
78 	178286.902799 	9.430469e-03 	5.460311e+00 	8.910598e-01 	3.972981e-03 	4.315681e-03 	4.348945e-03 	1.443967e+03 
79 	179715.151301 	9.336122e-03 	5.456157e+00 	8.869001e-01 	3.988971e-03 	4.334177e-03 	4.367728e-03 	1.428249e+03 
80 	181127.859907 	9.242719e-03 	5.452011e+00 	8.827480e-01 	4.005015e-03 	4.352747e-03 	4.386585e-03 	1.412709e+03 
81 	182525.205006 	9.150251e-03 	5.447872e+00 	8.786035e-01 	4.021115e-03 	4.371390e-03 	4.405519e-03 	1.397345e+03 
82 	183907.360853 	9.058708e-03 	5.443742e+00 	8.744665e-01 	4.037270e-03 	4.390107e-03 	4.424528e-03 	1.382156e+03 
83 	185274.499595 	8.968081e-03 	5.439618e+00 	8.703371e-01 	4.053481e-03 	4.408897e-03 	4.443614e-03 	1.367139e+03 
84 	186626.791304 	8.878362e-03 	5.435503e+00 	8.662152e-01 	4.069747e-03 	4.427762e-03 	4.462776e-03 	1.352292e+03 
85 	187964.404000 	8.789540e-03 	5.431394e+00 	8.621009e-01 	4.086070e-03 	4.446701e-03 	4.482016e-03 	1.337613e+03 
86 	189287.503678 	8.701606e-03 	5.427294e+00 	8.579940e-01 	4.102449e-03 	4.465715e-03 	4.501332e-03 	1.323100e+03 
87 	190596.254336 	8.614553e-03 	5.423201e+00 	8.538946e-01 	4.118884e-03 	4.484804e-03 	4.520726e-03 	1.308751e+03 
88 	191890.818002 	8.528371e-03 	5.419115e+00 	8.498027e-01 	4.135375e-03 	4.503969e-03 	4.540198e-03 	1.294564e+03 
89 	193171.354758 	8.443051e-03 	5.415037e+00 	8.457182e-01 	4.151924e-03 	4.523209e-03 	4.559749e-03 	1.280537e+03 
90 	194438.022765 	8.358585e-03 	5.410966e+00 	8.416411e-01 	4.168529e-03 	4.542525e-03 	4.579378e-03 	1.266668e+03 
91 	195690.978290 	8.274965e-03 	5.406902e+00 	8.375714e-01 	4.185191e-03 	4.561918e-03 	4.599086e-03 	1.252956e+03 
92 	196930.375730 	8.192181e-03 	5.402846e+00 	8.335091e-01 	4.201911e-03 	4.581387e-03 	4.618873e-03 	1.239397e+03 
93 	198156.367634 	8.110225e-03 	5.398798e+00 	8.294542e-01 	4.218687e-03 	4.600933e-03 	4.638740e-03 	1.225992e+03 
94 	199369.104731 	8.029089e-03 	5.394757e+00 	8.254066e-01 	4.235522e-03 	4.620556e-03 	4.658686e-03 	1.212737e+03 
95 	200568.735951 	7.948766e-03 	5.390723e+00 	8.213663e-01 	4.252414e-03 	4.640257e-03 	4.678713e-03 	1.199631e+03 
96 	201755.408448 	7.869246e-03 	5.386696e+00 	8.173334e-01 	4.269364e-03 	4.660036e-03 	4.698821e-03 	1.186672e+03 
97 	202929.267625 	7.790522e-03 	5.382677e+00 	8.133078e-01 	4.286372e-03 	4.679893e-03 	4.719009e-03 	1.173859e+03 
98 	204090.457154 	7.712585e-03 	5.378665e+00 	8.092894e-01 	4.303438e-03 	4.699829e-03 	4.739279e-03 	1.161190e+03 
99 	205239.119000 	7.635428e-03 	5.374661e+00 	8.052784e-01 	4.320563e-03 	4.719844e-03 	4.759630e-03 	1.148662e+03 
100 	206375.393444 	7.559044e-03 	5.370663e+00 	8.012745e-01 	4.337746e-03 	4.739937e-03 	4.780064e-03 	1.136274e+03 
101 	207499.419102 	7.483424e-03 	5.366673e+00 	7.972780e-01 	4.354989e-03 	4.760111e-03 	4.800580e-03 	1.124026e+03 
102 	208611.332948 	7.408560e-03 	5.362691e+00 	7.932886e-01 	4.372290e-03 	4.780364e-03 	4.821178e-03 	1.111914e+03 
103 	209711.270334 	7.334445e-03 	5.358715e+00 	7.893064e-01 	4.389650e-03 	4.800697e-03 	4.841859e-03 	1.099937e+03 
104 	210799.365012 	7.261073e-03 	5.354747e+00 	7.853314e-01 	4.407069e-03 	4.821110e-03 	4.862624e-03 	1.088095e+03 
105 	211875.749155 	7.188434e-03 	5.350786e+00 	7.813636e-01 	4.424548e-03 	4.841605e-03 	4.883473e-03 	1.076384e+03 
106 	212940.553375 	7.116522e-03 	5.346832e+00 	7.774030e-01 	4.442087e-03 	4.862181e-03 	4.904405e-03 	1.064804e+03 
107 	213993.906744 	7.045329e-03 	5.342885e+00 	7.734494e-01 	4.459685e-03 	4.882838e-03 	4.925422e-03 	1.053353e+03 
108 	215035.936813 	6.974849e-03 	5.338945e+00 	7.695031e-01 	4.477344e-03 	4.903577e-03 	4.946524e-03 	1.042030e+03 
109 	216066.769633 	6.905075e-03 	5.335013e+00 	7.655638e-01 	4.495062e-03 	4.924398e-03 	4.967711e-03 	1.030833e+03 
110 	217086.529773 	6.835998e-03 	5.331087e+00 	7.616316e-01 	4.512841e-03 	4.945301e-03 	4.988983e-03 	1.019760e+03 
111 	218095.340338 	6.767612e-03 	5.327169e+00 	7.577065e-01 	4.530680e-03 	4.966287e-03 	5.010341e-03 	1.008811e+03 
112 	219093.322989 	6.699911e-03 	5.323258e+00 	7.537884e-01 	4.548581e-03 	4.987357e-03 	5.031786e-03 	9.979827e+02 
113 	220080.597960 	6.632887e-03 	5.319353e+00 	7.498774e-01 	4.566542e-03 	5.008510e-03 	5.053316e-03 	9.872750e+02 
114 	221057.284077 	6.566534e-03 	5.315456e+00 	7.459734e-01 	4.584564e-03 	5.029746e-03 	5.074934e-03 	9.766861e+02 
115 	222023.498776 	6.500845e-03 	5.311566e+00 	7.420765e-01 	4.602647e-03 	5.051067e-03 	5.096640e-03 	9.662147e+02 
116 	222979.358119 	6.435813e-03 	5.307683e+00 	7.381866e-01 	4.620791e-03 	5.072472e-03 	5.118432e-03 	9.558593e+02 
117 	223924.976813 	6.371431e-03 	5.303807e+00 	7.343036e-01 	4.638997e-03 	5.093963e-03 	5.140313e-03 	9.456187e+02 
118 	224860.468224 	6.307694e-03 	5.299938e+00 	7.304276e-01 	4.657265e-03 	5.115538e-03 	5.162282e-03 	9.354914e+02 
119 	225785.944400 	6.244594e-03 	5.296076e+00 	7.265586e-01 	4.675595e-03 	5.137199e-03 	5.184340e-03 	9.254762e+02 
120 	226701.516079 	6.182126e-03 	5.292221e+00 	7.226965e-01 	4.693987e-03 	5.158945e-03 	5.206488e-03 	9.155717e+02 
121 	227607.292714 	6.120283e-03 	5.288373e+00 	7.188414e-01 	4.712441e-03 	5.180778e-03 	5.228724e-03 	9.057766e+02 
122 	228503.382484 	6.059059e-03 	5.284532e+00 	7.149932e-01 	4.730957e-03 	5.202697e-03 	5.251051e-03 	8.960898e+02 
123 	229389.892308 	5.998447e-03 	5.280698e+00 	7.111519e-01 	4.749537e-03 	5.224704e-03 	5.273468e-03 	8.865098e+02 
124 	230266.927869 	5.938442e-03 	5.276870e+00 	7.073175e-01 	4.768178e-03 	5.246797e-03 	5.295975e-03 	8.770356e+02 
