i 	 t 	 J_r 	 J_theta 	 J_phi 	 Omega_r 	 Omega_theta 	 Omega_phi 	 dt 
------------
0 	1.000000 	0.724451 	5.965624 	0.380993 	0.002943 	0.003207 	0.003232 	0.010830 
1 	3738.007463 	7.223938e-01 	5.961808e+00 	3.771656e-01 	2.955709e-03 	3.221233e-03 	3.246928e-03 	3.737007e+03 
2 	7400.731674 	7.203569e-01 	5.958029e+00 	3.733752e-01 	2.968022e-03 	3.235477e-03 	3.261388e-03 	3.662724e+03 
3 	10990.933582 	7.183412e-01 	5.954288e+00 	3.696231e-01 	2.980277e-03 	3.249660e-03 	3.275787e-03 	3.590202e+03 
4 	14510.357427 	7.163465e-01 	5.950585e+00 	3.659088e-01 	2.992474e-03 	3.263782e-03 	3.290125e-03 	3.519424e+03 
5 	17960.698560 	7.143725e-01 	5.946920e+00 	3.622321e-01 	3.004613e-03 	3.277844e-03 	3.304402e-03 	3.450341e+03 
6 	21343.604905 	7.124190e-01 	5.943291e+00 	3.585924e-01 	3.016694e-03 	3.291843e-03 	3.318617e-03 	3.382906e+03 
7 	24660.678458 	7.104859e-01 	5.939699e+00 	3.549894e-01 	3.028715e-03 	3.305781e-03 	3.332770e-03 	3.317074e+03 
8 	27913.476732 	7.085728e-01 	5.936144e+00 	3.514228e-01 	3.040677e-03 	3.319656e-03 	3.346860e-03 	3.252798e+03 
9 	31103.514150 	7.066796e-01 	5.932624e+00 	3.478922e-01 	3.052580e-03 	3.333468e-03 	3.360888e-03 	3.190037e+03 
10 	34232.263395 	7.048060e-01 	5.929140e+00 	3.443972e-01 	3.064423e-03 	3.347217e-03 	3.374852e-03 	3.128749e+03 
11 	37301.156707 	7.029520e-01 	5.925691e+00 	3.409375e-01 	3.076207e-03 	3.360902e-03 	3.388752e-03 	3.068893e+03 
12 	40311.587139 	7.011171e-01 	5.922277e+00 	3.375126e-01 	3.087930e-03 	3.374524e-03 	3.402588e-03 	3.010430e+03 
13 	43264.909773 	6.993014e-01 	5.918898e+00 	3.341223e-01 	3.099592e-03 	3.388081e-03 	3.416359e-03 	2.953323e+03 
14 	46162.442886 	6.975044e-01 	5.915552e+00 	3.307662e-01 	3.111195e-03 	3.401574e-03 	3.430066e-03 	2.897533e+03 
15 	49005.469085 	6.957261e-01 	5.912240e+00 	3.274439e-01 	3.122736e-03 	3.415001e-03 	3.443707e-03 	2.843026e+03 
16 	51795.236396 	6.939663e-01 	5.908962e+00 	3.241551e-01 	3.134217e-03 	3.428364e-03 	3.457284e-03 	2.789767e+03 
17 	54532.959325 	6.922247e-01 	5.905717e+00 	3.208995e-01 	3.145636e-03 	3.441661e-03 	3.470794e-03 	2.737723e+03 
18 	57219.819873 	6.905011e-01 	5.902504e+00 	3.176767e-01 	3.156995e-03 	3.454893e-03 	3.484238e-03 	2.686861e+03 
19 	59856.968526 	6.887955e-01 	5.899324e+00 	3.144864e-01 	3.168292e-03 	3.468058e-03 	3.497616e-03 	2.637149e+03 
20 	62445.525204 	6.871075e-01 	5.896177e+00 	3.113282e-01 	3.179527e-03 	3.481157e-03 	3.510927e-03 	2.588557e+03 
21 	64986.580184 	6.854370e-01 	5.893060e+00 	3.082019e-01 	3.190701e-03 	3.494190e-03 	3.524172e-03 	2.541055e+03 
22 	67481.194989 	6.837838e-01 	5.889976e+00 	3.051071e-01 	3.201813e-03 	3.507156e-03 	3.537349e-03 	2.494615e+03 
23 	69930.403252 	6.821477e-01 	5.886922e+00 	3.020435e-01 	3.212863e-03 	3.520055e-03 	3.550460e-03 	2.449208e+03 
24 	72335.211542 	6.805286e-01 	5.883899e+00 	2.990108e-01 	3.223851e-03 	3.532888e-03 	3.563502e-03 	2.404808e+03 
25 	74696.600174 	6.789262e-01 	5.880907e+00 	2.960086e-01 	3.234777e-03 	3.545652e-03 	3.576477e-03 	2.361389e+03 
26 	77015.523984 	6.773404e-01 	5.877945e+00 	2.930367e-01 	3.245641e-03 	3.558349e-03 	3.589384e-03 	2.318924e+03 
27 	79292.913083 	6.757710e-01 	5.875013e+00 	2.900947e-01 	3.256443e-03 	3.570979e-03 	3.602223e-03 	2.277389e+03 
28 	81529.673584 	6.742179e-01 	5.872110e+00 	2.871823e-01 	3.267182e-03 	3.583541e-03 	3.614993e-03 	2.236761e+03 
29 	83726.688307 	6.726808e-01 	5.869237e+00 	2.842993e-01 	3.277859e-03 	3.596035e-03 	3.627695e-03 	2.197015e+03 
30 	85884.817459 	6.711596e-01 	5.866392e+00 	2.814454e-01 	3.288474e-03 	3.608460e-03 	3.640329e-03 	2.158129e+03 
31 	88004.899294 	6.696541e-01 	5.863577e+00 	2.786201e-01 	3.299026e-03 	3.620818e-03 	3.652894e-03 	2.120082e+03 
32 	90087.750752 	6.681642e-01 	5.860789e+00 	2.758234e-01 	3.309516e-03 	3.633107e-03 	3.665389e-03 	2.082851e+03 
33 	92134.168072 	6.666897e-01 	5.858030e+00 	2.730548e-01 	3.319944e-03 	3.645327e-03 	3.677816e-03 	2.046417e+03 
34 	94144.927395 	6.652304e-01 	5.855299e+00 	2.703141e-01 	3.330309e-03 	3.657479e-03 	3.690174e-03 	2.010759e+03 
35 	96120.785337 	6.637862e-01 	5.852595e+00 	2.676010e-01 	3.340611e-03 	3.669562e-03 	3.702462e-03 	1.975858e+03 
36 	98062.479555 	6.623570e-01 	5.849918e+00 	2.649152e-01 	3.350851e-03 	3.681577e-03 	3.714681e-03 	1.941694e+03 
37 	99970.729280 	6.609424e-01 	5.847269e+00 	2.622565e-01 	3.361028e-03 	3.693522e-03 	3.726831e-03 	1.908250e+03 
38 	101846.235852 	6.595425e-01 	5.844646e+00 	2.596245e-01 	3.371143e-03 	3.705399e-03 	3.738911e-03 	1.875507e+03 
39 	103689.683220 	6.581570e-01 	5.842049e+00 	2.570190e-01 	3.381195e-03 	3.717207e-03 	3.750922e-03 	1.843447e+03 
40 	105501.738437 	6.567858e-01 	5.839479e+00 	2.544398e-01 	3.391185e-03 	3.728946e-03 	3.762863e-03 	1.812055e+03 
41 	107283.052139 	6.554288e-01 	5.836935e+00 	2.518865e-01 	3.401113e-03 	3.740616e-03 	3.774734e-03 	1.781314e+03 
42 	109034.259002 	6.540857e-01 	5.834416e+00 	2.493590e-01 	3.410978e-03 	3.752217e-03 	3.786536e-03 	1.751207e+03 
43 	110755.978193 	6.527565e-01 	5.831923e+00 	2.468568e-01 	3.420781e-03 	3.763748e-03 	3.798268e-03 	1.721719e+03 
44 	112448.813802 	6.514410e-01 	5.829454e+00 	2.443799e-01 	3.430522e-03 	3.775211e-03 	3.809931e-03 	1.692836e+03 
45 	114113.355261 	6.501391e-01 	5.827011e+00 	2.419279e-01 	3.440201e-03 	3.786605e-03 	3.821523e-03 	1.664541e+03 
46 	115750.177750 	6.488506e-01 	5.824592e+00 	2.395005e-01 	3.449817e-03 	3.797929e-03 	3.833046e-03 	1.636822e+03 
47 	117359.842596 	6.475753e-01 	5.822198e+00 	2.370976e-01 	3.459372e-03 	3.809185e-03 	3.844499e-03 	1.609665e+03 
48 	118942.897648 	6.463132e-01 	5.819827e+00 	2.347189e-01 	3.468865e-03 	3.820371e-03 	3.855883e-03 	1.583055e+03 
49 	120499.877653 	6.450641e-01 	5.817481e+00 	2.323641e-01 	3.478295e-03 	3.831489e-03 	3.867196e-03 	1.556980e+03 
50 	122031.304614 	6.438278e-01 	5.815158e+00 	2.300330e-01 	3.487664e-03 	3.842537e-03 	3.878440e-03 	1.531427e+03 
51 	123537.688133 	6.426043e-01 	5.812859e+00 	2.277254e-01 	3.496972e-03 	3.853517e-03 	3.889615e-03 	1.506384e+03 
52 	125019.525756 	6.413934e-01 	5.810583e+00 	2.254409e-01 	3.506218e-03 	3.864428e-03 	3.900720e-03 	1.481838e+03 
53 	126477.303296 	6.401949e-01 	5.808329e+00 	2.231795e-01 	3.515402e-03 	3.875270e-03 	3.911755e-03 	1.457778e+03 
54 	127911.495148 	6.390087e-01 	5.806099e+00 	2.209408e-01 	3.524525e-03 	3.886043e-03 	3.922721e-03 	1.434192e+03 
55 	129322.564604 	6.378348e-01 	5.803890e+00 	2.187246e-01 	3.533587e-03 	3.896748e-03 	3.933617e-03 	1.411069e+03 
56 	130710.964142 	6.366729e-01 	5.801704e+00 	2.165307e-01 	3.542588e-03 	3.907384e-03 	3.944444e-03 	1.388400e+03 
57 	132077.135724 	6.355230e-01 	5.799541e+00 	2.143589e-01 	3.551528e-03 	3.917951e-03 	3.955202e-03 	1.366172e+03 
58 	133421.511072 	6.343849e-01 	5.797398e+00 	2.122089e-01 	3.560408e-03 	3.928451e-03 	3.965891e-03 	1.344375e+03 
59 	134744.511941 	6.332584e-01 	5.795278e+00 	2.100806e-01 	3.569226e-03 	3.938882e-03 	3.976511e-03 	1.323001e+03 
60 	136046.550385 	6.321436e-01 	5.793179e+00 	2.079736e-01 	3.577985e-03 	3.949245e-03 	3.987062e-03 	1.302038e+03 
61 	137328.029012 	6.310402e-01 	5.791100e+00 	2.058879e-01 	3.586683e-03 	3.959539e-03 	3.997544e-03 	1.281479e+03 
62 	138589.341234 	6.299481e-01 	5.789043e+00 	2.038231e-01 	3.595321e-03 	3.969766e-03 	4.007957e-03 	1.261312e+03 
63 	139830.871508 	6.288673e-01 	5.787007e+00 	2.017791e-01 	3.603898e-03 	3.979926e-03 	4.018302e-03 	1.241530e+03 
64 	141052.995570 	6.277975e-01 	5.784991e+00 	1.997556e-01 	3.612417e-03 	3.990017e-03 	4.028578e-03 	1.222124e+03 
65 	142256.080663 	6.267388e-01 	5.782995e+00 	1.977525e-01 	3.620875e-03 	4.000041e-03 	4.038786e-03 	1.203085e+03 
66 	143440.485760 	6.256909e-01 	5.781019e+00 	1.957695e-01 	3.629274e-03 	4.009998e-03 	4.048926e-03 	1.184405e+03 
67 	144606.561773 	6.246537e-01 	5.779064e+00 	1.938064e-01 	3.637614e-03 	4.019887e-03 	4.058997e-03 	1.166076e+03 
68 	145754.651770 	6.236272e-01 	5.777128e+00 	1.918631e-01 	3.645894e-03 	4.029709e-03 	4.069001e-03 	1.148090e+03 
69 	146885.091169 	6.226112e-01 	5.775211e+00 	1.899393e-01 	3.654116e-03 	4.039465e-03 	4.078937e-03 	1.130439e+03 
70 	147998.207938 	6.216056e-01 	5.773314e+00 	1.880348e-01 	3.662279e-03 	4.049154e-03 	4.088806e-03 	1.113117e+03 
71 	149094.322787 	6.206104e-01 	5.771435e+00 	1.861495e-01 	3.670384e-03 	4.058776e-03 	4.098607e-03 	1.096115e+03 
72 	150173.749351 	6.196253e-01 	5.769576e+00 	1.842832e-01 	3.678430e-03 	4.068332e-03 	4.108341e-03 	1.079427e+03 
73 	151236.794370 	6.186503e-01 	5.767736e+00 	1.824356e-01 	3.686418e-03 	4.077822e-03 	4.118007e-03 	1.063045e+03 
74 	152283.757867 	6.176854e-01 	5.765913e+00 	1.806065e-01 	3.694349e-03 	4.087245e-03 	4.127607e-03 	1.046963e+03 
75 	153314.933315 	6.167303e-01 	5.764110e+00 	1.787959e-01 	3.702221e-03 	4.096603e-03 	4.137141e-03 	1.031175e+03 
76 	154330.607801 	6.157850e-01 	5.762324e+00 	1.770034e-01 	3.710037e-03 	4.105896e-03 	4.146608e-03 	1.015674e+03 
77 	155331.062190 	6.148493e-01 	5.760556e+00 	1.752290e-01 	3.717795e-03 	4.115123e-03 	4.156008e-03 	1.000454e+03 
78 	156316.571280 	6.139233e-01 	5.758806e+00 	1.734724e-01 	3.725496e-03 	4.124284e-03 	4.165343e-03 	9.855091e+02 
79 	157287.403949 	6.130067e-01 	5.757074e+00 	1.717334e-01 	3.733140e-03 	4.133381e-03 	4.174611e-03 	9.708327e+02 
80 	158243.823310 	6.120995e-01 	5.755359e+00 	1.700119e-01 	3.740728e-03 	4.142413e-03 	4.183814e-03 	9.564194e+02 
81 	159186.086848 	6.112016e-01 	5.753661e+00 	1.683077e-01 	3.748259e-03 	4.151381e-03 	4.192952e-03 	9.422635e+02 
82 	160114.446561 	6.103129e-01 	5.751981e+00 	1.666206e-01 	3.755734e-03 	4.160284e-03 	4.202024e-03 	9.283597e+02 
83 	161029.149096 	6.094333e-01 	5.750317e+00 	1.649505e-01 	3.763154e-03 	4.169123e-03 	4.211032e-03 	9.147025e+02 
84 	161930.435880 	6.085627e-01 	5.748670e+00 	1.632971e-01 	3.770518e-03 	4.177898e-03 	4.219974e-03 	9.012868e+02 
85 	162818.543248 	6.077009e-01 	5.747040e+00 	1.616604e-01 	3.777826e-03 	4.186610e-03 	4.228853e-03 	8.881074e+02 
86 	163693.702568 	6.068480e-01 	5.745426e+00 	1.600401e-01 	3.785080e-03 	4.195258e-03 	4.237666e-03 	8.751593e+02 
87 	164556.140359 	6.060038e-01 	5.743828e+00 	1.584361e-01 	3.792278e-03 	4.203843e-03 	4.246416e-03 	8.624378e+02 
88 	165406.078414 	6.051683e-01 	5.742246e+00 	1.568482e-01 	3.799422e-03 	4.212365e-03 	4.255102e-03 	8.499381e+02 
89 	166243.733910 	6.043412e-01 	5.740680e+00 	1.552762e-01 	3.806511e-03 	4.220825e-03 	4.263725e-03 	8.376555e+02 
90 	167069.319519 	6.035226e-01 	5.739130e+00 	1.537200e-01 	3.813547e-03 	4.229222e-03 	4.272284e-03 	8.255856e+02 
91 	167883.043520 	6.027124e-01 	5.737596e+00 	1.521794e-01 	3.820528e-03 	4.237557e-03 	4.280780e-03 	8.137240e+02 
92 	168685.109903 	6.019105e-01 	5.736077e+00 	1.506544e-01 	3.827456e-03 	4.245830e-03 	4.289213e-03 	8.020664e+02 
93 	169475.718469 	6.011167e-01 	5.734573e+00 	1.491446e-01 	3.834331e-03 	4.254042e-03 	4.297584e-03 	7.906086e+02 
94 	170255.064933 	6.003311e-01 	5.733084e+00 	1.476500e-01 	3.841152e-03 	4.262192e-03 	4.305892e-03 	7.793465e+02 
95 	171023.341018 	5.995534e-01 	5.731610e+00 	1.461704e-01 	3.847921e-03 	4.270281e-03 	4.314139e-03 	7.682761e+02 
96 	171780.734554 	5.987837e-01 	5.730151e+00 	1.447056e-01 	3.854637e-03 	4.278309e-03 	4.322323e-03 	7.573935e+02 
97 	172527.429565 	5.980219e-01 	5.728707e+00 	1.432556e-01 	3.861300e-03 	4.286277e-03 	4.330446e-03 	7.466950e+02 
98 	173263.606361 	5.972678e-01 	5.727277e+00 	1.418201e-01 	3.867912e-03 	4.294184e-03 	4.338508e-03 	7.361768e+02 
99 	173989.441625 	5.965214e-01 	5.725862e+00 	1.403990e-01 	3.874472e-03 	4.302031e-03 	4.346510e-03 	7.258353e+02 
100 	174705.108499 	5.957827e-01 	5.724461e+00 	1.389922e-01 	3.880980e-03 	4.309819e-03 	4.354450e-03 	7.156669e+02 
101 	175410.776662 	5.950514e-01 	5.723073e+00 	1.375996e-01 	3.887437e-03 	4.317547e-03 	4.362330e-03 	7.056682e+02 
102 	176106.612418 	5.943277e-01 	5.721700e+00 	1.362209e-01 	3.893844e-03 	4.325216e-03 	4.370150e-03 	6.958358e+02 
103 	176792.778765 	5.936113e-01 	5.720341e+00 	1.348560e-01 	3.900199e-03 	4.332826e-03 	4.377910e-03 	6.861663e+02 
104 	177469.435481 	5.929022e-01 	5.718995e+00 	1.335048e-01 	3.906504e-03 	4.340378e-03 	4.385611e-03 	6.766567e+02 
105 	178136.739191 	5.922003e-01 	5.717663e+00 	1.321672e-01 	3.912759e-03 	4.347871e-03 	4.393252e-03 	6.673037e+02 
106 	178794.843441 	5.915056e-01 	5.716344e+00 	1.308431e-01 	3.918964e-03 	4.355306e-03 	4.400835e-03 	6.581043e+02 
107 	179443.898772 	5.908180e-01 	5.715038e+00 	1.295322e-01 	3.925120e-03 	4.362684e-03 	4.408358e-03 	6.490553e+02 
108 	180084.052783 	5.901373e-01 	5.713746e+00 	1.282345e-01 	3.931226e-03 	4.370004e-03 	4.415824e-03 	6.401540e+02 
109 	180715.450203 	5.894636e-01 	5.712466e+00 	1.269498e-01 	3.937283e-03 	4.377267e-03 	4.423231e-03 	6.313974e+02 
110 	181338.232954 	5.887968e-01 	5.711200e+00 	1.256780e-01 	3.943292e-03 	4.384473e-03 	4.430581e-03 	6.227828e+02 
111 	181952.540211 	5.881367e-01 	5.709946e+00 	1.244189e-01 	3.949252e-03 	4.391622e-03 	4.437873e-03 	6.143073e+02 
112 	182558.508472 	5.874834e-01 	5.708704e+00 	1.231725e-01 	3.955164e-03 	4.398716e-03 	4.445108e-03 	6.059683e+02 
113 	183156.271610 	5.868367e-01 	5.707475e+00 	1.219386e-01 	3.961027e-03 	4.405753e-03 	4.452286e-03 	5.977631e+02 
114 	183745.960937 	5.861966e-01 	5.706259e+00 	1.207171e-01 	3.966844e-03 	4.412735e-03 	4.459407e-03 	5.896893e+02 
115 	184327.705259 	5.855630e-01 	5.705054e+00 	1.195078e-01 	3.972613e-03 	4.419661e-03 	4.466473e-03 	5.817443e+02 
116 	184901.630933 	5.849359e-01 	5.703862e+00 	1.183107e-01 	3.978335e-03 	4.426532e-03 	4.473482e-03 	5.739257e+02 
117 	185467.861918 	5.843151e-01 	5.702682e+00 	1.171256e-01 	3.984010e-03 	4.433349e-03 	4.480436e-03 	5.662310e+02 
118 	186026.519834 	5.837007e-01 	5.701513e+00 	1.159523e-01 	3.989638e-03 	4.440111e-03 	4.487334e-03 	5.586579e+02 
119 	186577.724010 	5.830925e-01 	5.700357e+00 	1.147909e-01 	3.995220e-03 	4.446818e-03 	4.494177e-03 	5.512042e+02 
120 	187121.591531 	5.824905e-01 	5.699212e+00 	1.136411e-01 	4.000757e-03 	4.453473e-03 	4.500966e-03 	5.438675e+02 
121 	187658.237297 	5.818946e-01 	5.698078e+00 	1.125028e-01 	4.006248e-03 	4.460073e-03 	4.507700e-03 	5.366458e+02 
122 	188187.774059 	5.813047e-01 	5.696956e+00 	1.113759e-01 	4.011693e-03 	4.466620e-03 	4.514380e-03 	5.295368e+02 
123 	188710.312476 	5.807209e-01 	5.695845e+00 	1.102604e-01 	4.017093e-03 	4.473115e-03 	4.521006e-03 	5.225384e+02 
124 	189225.961153 	5.801430e-01 	5.694745e+00 	1.091560e-01 	4.022449e-03 	4.479557e-03 	4.527579e-03 	5.156487e+02 
125 	189734.826691 	5.795710e-01 	5.693656e+00 	1.080628e-01 	4.027760e-03 	4.485946e-03 	4.534098e-03 	5.088655e+02 
126 	190237.013726 	5.790047e-01 	5.692578e+00 	1.069805e-01 	4.033027e-03 	4.492284e-03 	4.540565e-03 	5.021870e+02 
127 	190732.624974 	5.784443e-01 	5.691511e+00 	1.059090e-01 	4.038249e-03 	4.498570e-03 	4.546979e-03 	4.956112e+02 
128 	191221.761272 	5.778895e-01 	5.690455e+00 	1.048483e-01 	4.043429e-03 	4.504804e-03 	4.553341e-03 	4.891363e+02 
129 	191704.521617 	5.773403e-01 	5.689409e+00 	1.037982e-01 	4.048564e-03 	4.510988e-03 	4.559651e-03 	4.827603e+02 
130 	192181.003206 	5.767968e-01 	5.688374e+00 	1.027587e-01 	4.053657e-03 	4.517121e-03 	4.565909e-03 	4.764816e+02 
131 	192651.301475 	5.762587e-01 	5.687349e+00 	1.017296e-01 	4.058707e-03 	4.523203e-03 	4.572116e-03 	4.702983e+02 
132 	193115.510136 	5.757261e-01 	5.686335e+00 	1.007108e-01 	4.063714e-03 	4.529235e-03 	4.578272e-03 	4.642087e+02 
133 	193573.721210 	5.751989e-01 	5.685330e+00 	9.970219e-02 	4.068679e-03 	4.535218e-03 	4.584377e-03 	4.582111e+02 
