1.0850557228124675 3.194018340729024 2.7919937483239834 3.150675634859681 4.347341483372418 2.5019828817679013 

0.9797790902549465 1.6217135557530655 4.469575165857464 2.40912361008875 1.5636980919846613 6.027178297926588 

0.7617743227151617 3.766245557238276 2.543047931912038 3.449308072392518 5.1615272729411155 1.389164654666366 

3.228419715436317 0.13664273140985228 3.7060053650193066 4.398980556333628 5.598835317718756 0.0021841259476151897 

0.541237619267931 1.3754734780034619 5.1543567145940825 4.116925352718269 3.084015393515574 2.799059253766158 

3.0261878138304197 2.5699317668179575 1.4749482312170983 1.717903956286335 1.4697089775862213 6.812387066127443 

0.5451842295706575 3.7458726067666457 2.7800109755281723 2.335178391355046 5.14016810306929 2.524653505575664 

1.4090977312598416 2.5654668150651228 3.0965032655405116 2.3611557820604507 1.9339745118541178 5.704869706085431 

0.8042710338553456 0.4435230915152034 5.823273686494926 5.612245900626775 4.356914867459481 0.030839231913744602 

0.4394123526239904 2.301755048635847 4.329900410605639 5.544313231047346 1.6520709344199613 2.8036158345326925 

2.4027313936105656 4.387698634376424 0.28063778387848637 2.517398983779608 7.4751528664415 0.007448149778891411 

0.5714309782495358 2.4742050614450344 4.025431772170905 5.487873883304374 4.074784146597779 0.4373419700978465 

1.2856842695224324 5.602107969200554 0.18327557314248916 5.559217593089238 0.5765728508949987 3.864209556015764 

0.4107624914622682 1.1205412613639036 5.539764059039304 2.812155771968323 5.205025413766332 1.9828188142653447 

2.3045140769890278 3.090032305790846 1.6765214290856019 3.1157206337365495 1.8277104398877282 5.056568926375721 

0.5665921826397197 1.1552324312532614 5.349243197972494 1.3639718898541338 6.214842063118668 2.4211860470271986 

3.160291380895094 2.4400330003631425 1.4707434306072389 1.3735473872132773 4.425198364852028 4.201254247934695 

1.6413026624187717 3.282823918216664 2.1469412312300395 5.604073834750482 2.602458414290852 1.7934677509586665 

0.5943096118476087 2.3783019010319446 4.098456298985922 2.5513839891229106 3.2632452318679537 4.185370779009135 

0.14859723625931914 6.027016771034349 0.8954538045718072 5.082925838277874 0.6477983501366096 4.2692758115855165 

0.3490087396133116 3.1468795329937707 3.5751795392583934 3.309239566784056 6.20882372060155 0.48193671261439475 

0.4057179904735268 2.7518064856632596 3.9135433357286895 4.864727407399633 1.060906652191125 4.074365940409241 

2.9984946668336545 2.1399680492382083 1.9326050957936127 4.0318602736511515 1.6223730256834572 4.345766700665392 

0.22142820271373603 3.0705195890577364 3.779120020094003 4.362010552636104 1.9344075798600266 3.703581867503869 

1.4991665374505079 3.844590455305301 1.727310819109666 4.695868398599644 2.0962302926699357 3.207901308730421 

0.8803394393135887 5.2917783889058265 0.8989499836460602 6.037800187355335 1.7012788033761401 2.2609210092685257 

1.038678043422691 5.136145934119568 0.896243834323216 3.22047880076577 1.386732941924981 5.392788257309249 

0.7837366298632077 0.649267302042184 5.638063879960084 4.004436584136343 4.2462719636275805 1.7492914522360752 

0.6018478568474233 0.8177100024939585 5.651509952524094 2.737371652992517 2.271720227905757 4.990908119101726 

0.22889224305973316 4.6607488458368875 2.181426722968855 4.741157603325104 4.293287737694642 0.9655546589802549 

1.217703847878184 1.8854313359602812 3.9679326280270097 2.8777589604470415 4.043966963173486 3.078274076379473 

1.8406122459171363 0.008572650093191246 5.221882915855148 3.5578590371672987 5.8671396973086 0.575001265524101 

0.07220781037524787 6.051716470906039 0.9471435305841884 1.9440535885861785 2.7683312129642768 5.2876151984495445 

3.0659411069695626 1.4136084752919944 2.5915182296039183 4.835837251947526 4.8636057073863945 0.3005570406660796 

0.44063780901135935 3.742221537628152 2.888208465225964 4.736447212038397 0.18291287192196493 5.080639916039638 

0.820033506291115 0.885188065172919 5.365846240401441 5.318985784843349 2.319304281033208 2.3617099341234433 

0.7972975455457748 2.954800680718768 3.3189695856009327 4.813249326354752 0.9401901890713689 4.246560484573879 

2.122965173472176 2.1150314208452343 2.8330712175480652 2.999344033905216 2.128967417868907 4.871688548225878 

2.172489171769401 0.3539016586633027 4.544676981432772 1.9107964806258158 2.408967451282466 5.680236068091718 

1.6209026152345056 5.064413454280436 0.3857517423505341 4.1881352581038485 5.643235744225116 0.16862899767103534 

0.31514321220329095 0.6137010306125327 6.142223569049652 1.73562121847542 6.172732086813091 2.0916466947114887 

1.1067251127741558 3.7573504990961224 2.2069921999951974 4.233550530983178 3.2858277581795265 2.4806217108372968 

1.493152113201452 0.8156622150368074 4.762253483627216 4.6770585053289935 0.7518971742319901 4.571044320439016 

2.104286174315045 2.9837628283180804 1.9830188092323497 4.1024701697925225 2.84443226389976 3.0530975663077173 

2.318185180559023 1.3958794334979037 3.357003197808549 1.3240075921243926 3.9928057794225307 4.683186628453077 

0.15089787751932615 3.4812830105348964 3.438886923811253 3.0525575362552972 4.934910974229227 2.0125314895154753 

3.0751727237960207 0.9824379199930136 3.013457168076441 3.5415102642303293 2.936135335766932 3.522354400002738 

0.5974352782997042 6.3645649541838685 0.10906757938190273 1.744012877090243 5.919426556687942 2.3365605662218156 

0.2288085582057676 5.365938955218041 1.4763202984416668 4.515202690304951 2.6157128738099686 2.86908443588508 

0.17610337163919854 4.764214342872098 2.130750097354179 2.8961725605729622 3.6449128502045354 3.458914589222502 