i 	 t 	 J_r 	 J_theta 	 J_phi 	 Omega_r 	 Omega_theta 	 Omega_phi 	 dt 
------------
0 	1.000000 	0.001948 	0.364104 	16.954456 	0.000193 	0.000195 	0.000195 	0 
1 	12849456.281178 	1.941451e-03 	3.604753e-01 	1.695082e+01 	1.934671e-04 	1.952523e-04 	1.953184e-04 	1.284946e+07 
2 	25651786.491151 	1.935131e-03 	3.568820e-01 	1.694721e+01 	1.937094e-04 	1.954982e-04 	1.955645e-04 	1.280233e+07 
3 	38407597.821706 	1.928888e-03 	3.533245e-01 	1.694364e+01 	1.939496e-04 	1.957421e-04 	1.958085e-04 	1.275581e+07 
4 	51117500.258391 	1.922721e-03 	3.498026e-01 	1.694011e+01 	1.941879e-04 	1.959839e-04 	1.960505e-04 	1.270990e+07 
5 	63782094.412369 	1.916628e-03 	3.463159e-01 	1.693661e+01 	1.944242e-04 	1.962238e-04 	1.962905e-04 	1.266459e+07 
6 	76401971.670627 	1.910609e-03 	3.428640e-01 	1.693314e+01 	1.946584e-04 	1.964616e-04 	1.965285e-04 	1.261988e+07 
7 	88977714.364025 	1.904662e-03 	3.394465e-01 	1.692972e+01 	1.948908e-04 	1.966974e-04 	1.967645e-04 	1.257574e+07 
8 	101509895.932756 	1.898787e-03 	3.360632e-01 	1.692632e+01 	1.951211e-04 	1.969313e-04 	1.969985e-04 	1.253218e+07 
9 	113999081.087216 	1.892981e-03 	3.327136e-01 	1.692296e+01 	1.953496e-04 	1.971631e-04 	1.972305e-04 	1.248919e+07 
10 	126445825.966295 	1.887246e-03 	3.293975e-01 	1.691963e+01 	1.955761e-04 	1.973931e-04 	1.974606e-04 	1.244674e+07 
11 	138850678.291909 	1.881578e-03 	3.261145e-01 	1.691633e+01 	1.958007e-04 	1.976211e-04 	1.976887e-04 	1.240485e+07 
12 	151214177.520331 	1.875978e-03 	3.228642e-01 	1.691307e+01 	1.960234e-04 	1.978471e-04 	1.979150e-04 	1.236350e+07 
13 	163536854.990512 	1.870444e-03 	3.196464e-01 	1.690984e+01 	1.962442e-04 	1.980713e-04 	1.981393e-04 	1.232268e+07 
14 	175819234.069045 	1.864976e-03 	3.164607e-01 	1.690664e+01 	1.964632e-04 	1.982936e-04 	1.983617e-04 	1.228238e+07 
15 	188061830.292043 	1.859572e-03 	3.133068e-01 	1.690348e+01 	1.966802e-04 	1.985139e-04 	1.985822e-04 	1.224260e+07 
16 	200265151.504466 	1.854231e-03 	3.101844e-01 	1.690034e+01 	1.968955e-04 	1.987324e-04 	1.988009e-04 	1.220332e+07 
17 	212429697.996145 	1.848954e-03 	3.070932e-01 	1.689724e+01 	1.971089e-04 	1.989491e-04 	1.990177e-04 	1.216455e+07 
18 	224555962.635302 	1.843738e-03 	3.040328e-01 	1.689417e+01 	1.973205e-04 	1.991639e-04 	1.992326e-04 	1.212626e+07 
19 	236644430.998899 	1.838583e-03 	3.010029e-01 	1.689112e+01 	1.975302e-04 	1.993768e-04 	1.994457e-04 	1.208847e+07 
20 	248695581.500669 	1.833488e-03 	2.980033e-01 	1.688811e+01 	1.977382e-04 	1.995880e-04 	1.996570e-04 	1.205115e+07 
21 	260709885.516427 	1.828452e-03 	2.950337e-01 	1.688513e+01 	1.979444e-04 	1.997973e-04 	1.998665e-04 	1.201430e+07 
22 	272687807.506760 	1.823475e-03 	2.920936e-01 	1.688218e+01 	1.981488e-04 	2.000048e-04 	2.000741e-04 	1.197792e+07 
23 	284629805.137221 	1.818555e-03 	2.891829e-01 	1.687926e+01 	1.983515e-04 	2.002106e-04 	2.002800e-04 	1.194200e+07 
24 	296536329.395889 	1.813692e-03 	2.863013e-01 	1.687636e+01 	1.985524e-04 	2.004146e-04 	2.004842e-04 	1.190652e+07 
25 	308407824.709211 	1.808885e-03 	2.834484e-01 	1.687350e+01 	1.987516e-04 	2.006168e-04 	2.006865e-04 	1.187150e+07 
26 	320244729.054410 	1.804134e-03 	2.806240e-01 	1.687066e+01 	1.989491e-04 	2.008173e-04 	2.008871e-04 	1.183690e+07 
27 	332047474.070656 	1.799436e-03 	2.778277e-01 	1.686785e+01 	1.991448e-04 	2.010160e-04 	2.010860e-04 	1.180275e+07 
28 	343816485.167410 	1.794793e-03 	2.750594e-01 	1.686507e+01 	1.993389e-04 	2.012131e-04 	2.012832e-04 	1.176901e+07 
29 	355552181.630840 	1.790202e-03 	2.723187e-01 	1.686232e+01 	1.995313e-04 	2.014084e-04 	2.014786e-04 	1.173570e+07 
30 	367254976.727947 	1.785663e-03 	2.696053e-01 	1.685959e+01 	1.997220e-04 	2.016020e-04 	2.016724e-04 	1.170280e+07 
31 	378925277.808651 	1.781176e-03 	2.669190e-01 	1.685689e+01 	1.999110e-04 	2.017939e-04 	2.018645e-04 	1.167030e+07 
32 	390563486.405936 	1.776740e-03 	2.642595e-01 	1.685422e+01 	2.000984e-04 	2.019842e-04 	2.020549e-04 	1.163821e+07 
33 	402169998.334018 	1.772354e-03 	2.616265e-01 	1.685157e+01 	2.002842e-04 	2.021728e-04 	2.022436e-04 	1.160651e+07 
34 	413745203.784280 	1.768017e-03 	2.590198e-01 	1.684895e+01 	2.004684e-04 	2.023598e-04 	2.024307e-04 	1.157521e+07 
35 	425289487.419882 	1.763730e-03 	2.564391e-01 	1.684636e+01 	2.006509e-04 	2.025451e-04 	2.026162e-04 	1.154428e+07 
36 	436803228.467713 	1.759490e-03 	2.538842e-01 	1.684379e+01 	2.008318e-04 	2.027289e-04 	2.028001e-04 	1.151374e+07 
37 	448286800.809494 	1.755297e-03 	2.513547e-01 	1.684125e+01 	2.010112e-04 	2.029110e-04 	2.029823e-04 	1.148357e+07 
38 	459740573.070119 	1.751152e-03 	2.488505e-01 	1.683873e+01 	2.011890e-04 	2.030915e-04 	2.031629e-04 	1.145377e+07 
39 	471164908.705143 	1.747052e-03 	2.463712e-01 	1.683624e+01 	2.013652e-04 	2.032704e-04 	2.033420e-04 	1.142434e+07 
40 	482560166.085958 	1.742998e-03 	2.439167e-01 	1.683378e+01 	2.015399e-04 	2.034478e-04 	2.035195e-04 	1.139526e+07 
41 	493926698.583549 	1.738989e-03 	2.414867e-01 	1.683133e+01 	2.017130e-04 	2.036236e-04 	2.036954e-04 	1.136653e+07 
42 	505264854.650578 	1.735025e-03 	2.390809e-01 	1.682891e+01 	2.018846e-04 	2.037978e-04 	2.038698e-04 	1.133816e+07 
43 	516574977.902013 	1.731104e-03 	2.366990e-01 	1.682652e+01 	2.020547e-04 	2.039705e-04 	2.040426e-04 	1.131012e+07 
44 	527857407.194205 	1.727226e-03 	2.343410e-01 	1.682415e+01 	2.022233e-04 	2.041417e-04 	2.042139e-04 	1.128243e+07 
45 	539112476.701974 	1.723391e-03 	2.320065e-01 	1.682180e+01 	2.023904e-04 	2.043114e-04 	2.043837e-04 	1.125507e+07 
46 	550340515.995090 	1.719598e-03 	2.296952e-01 	1.681948e+01 	2.025560e-04 	2.044796e-04 	2.045520e-04 	1.122804e+07 
47 	561541850.112496 	1.715846e-03 	2.274070e-01 	1.681718e+01 	2.027201e-04 	2.046462e-04 	2.047188e-04 	1.120133e+07 
48 	572716799.635591 	1.712136e-03 	2.251417e-01 	1.681490e+01 	2.028828e-04 	2.048114e-04 	2.048841e-04 	1.117495e+07 
49 	583865680.759712 	1.708465e-03 	2.228989e-01 	1.681264e+01 	2.030441e-04 	2.049752e-04 	2.050479e-04 	1.114888e+07 
50 	594988805.364901 	1.704835e-03 	2.206785e-01 	1.681041e+01 	2.032039e-04 	2.051375e-04 	2.052103e-04 	1.112312e+07 
51 	606086481.084707 	1.701244e-03 	2.184802e-01 	1.680820e+01 	2.033623e-04 	2.052983e-04 	2.053713e-04 	1.109768e+07 
52 	617159011.374034 	1.697691e-03 	2.163038e-01 	1.680601e+01 	2.035192e-04 	2.054577e-04 	2.055308e-04 	1.107253e+07 
53 	628206695.575452 	1.694177e-03 	2.141492e-01 	1.680384e+01 	2.036748e-04 	2.056157e-04 	2.056889e-04 	1.104768e+07 
54 	639229828.984735 	1.690701e-03 	2.120160e-01 	1.680170e+01 	2.038290e-04 	2.057722e-04 	2.058456e-04 	1.102313e+07 
