i 	 t 	 J_r 	 J_theta 	 J_phi 	 Omega_r 	 Omega_theta 	 Omega_phi 	 dt 
------------
0 	1.000000 	0.267572 	12.925243 	4.127693 	0.000193 	0.000195 	0.000195 	0 
1 	5454746.864389 	2.648911e-01 	1.291049e+01 	4.112937e+00 	1.942845e-04 	1.962928e-04 	1.963648e-04 	5.454746e+06 
2 	10823978.519134 	2.622346e-01 	1.289577e+01 	4.098221e+00 	1.953722e-04 	1.973989e-04 	1.974716e-04 	5.369232e+06 
3 	16109192.634332 	2.596049e-01 	1.288111e+01 	4.083556e+00 	1.964636e-04 	1.985088e-04 	1.985823e-04 	5.285214e+06 
4 	21311930.973963 	2.570015e-01 	1.286650e+01 	4.068942e+00 	1.975586e-04 	1.996225e-04 	1.996969e-04 	5.202738e+06 
5 	26433702.830225 	2.544243e-01 	1.285193e+01 	4.054380e+00 	1.986573e-04 	2.007401e-04 	2.008152e-04 	5.121772e+06 
6 	31475985.407845 	2.518730e-01 	1.283742e+01 	4.039868e+00 	1.997598e-04 	2.018615e-04 	2.019374e-04 	5.042283e+06 
7 	36440224.598034 	2.493474e-01 	1.282296e+01 	4.025407e+00 	2.008659e-04 	2.029867e-04 	2.030635e-04 	4.964239e+06 
8 	41327835.733571 	2.468471e-01 	1.280855e+01 	4.010995e+00 	2.019758e-04 	2.041158e-04 	2.041934e-04 	4.887611e+06 
9 	46140204.323585 	2.443719e-01 	1.279419e+01 	3.996634e+00 	2.030894e-04 	2.052488e-04 	2.053272e-04 	4.812369e+06 
10 	50878686.768790 	2.419216e-01 	1.277988e+01 	3.982321e+00 	2.042068e-04 	2.063857e-04 	2.064650e-04 	4.738482e+06 
11 	55544611.057471 	2.394960e-01 	1.276562e+01 	3.968057e+00 	2.053280e-04 	2.075265e-04 	2.076066e-04 	4.665924e+06 
12 	60139277.443129 	2.370947e-01 	1.275140e+01 	3.953841e+00 	2.064529e-04 	2.086712e-04 	2.087522e-04 	4.594666e+06 
13 	64663959.103771 	2.347175e-01 	1.273723e+01 	3.939674e+00 	2.075817e-04 	2.098198e-04 	2.099017e-04 	4.524682e+06 
14 	69119902.784137 	2.323642e-01 	1.272312e+01 	3.925554e+00 	2.087142e-04 	2.109724e-04 	2.110552e-04 	4.455944e+06 
15 	73508329.420669 	2.300346e-01 	1.270904e+01 	3.911482e+00 	2.098506e-04 	2.121290e-04 	2.122126e-04 	4.388427e+06 
16 	77830434.750032 	2.277283e-01 	1.269502e+01 	3.897457e+00 	2.109908e-04 	2.132896e-04 	2.133741e-04 	4.322105e+06 
17 	82087389.901780 	2.254452e-01 	1.268104e+01 	3.883479e+00 	2.121349e-04 	2.144541e-04 	2.145395e-04 	4.256955e+06 
18 	86280341.975342 	2.231851e-01 	1.266711e+01 	3.869546e+00 	2.132828e-04 	2.156227e-04 	2.157090e-04 	4.192952e+06 
19 	90410414.601949 	2.209476e-01 	1.265323e+01 	3.855660e+00 	2.144346e-04 	2.167953e-04 	2.168825e-04 	4.130073e+06 
20 	94478708.491863 	2.187327e-01 	1.263939e+01 	3.841820e+00 	2.155904e-04 	2.179719e-04 	2.180601e-04 	4.068294e+06 
21 	98486301.967500 	2.165399e-01 	1.262559e+01 	3.828025e+00 	2.167500e-04 	2.191526e-04 	2.192417e-04 	4.007593e+06 
22 	102434251.482558 	2.143692e-01 	1.261184e+01 	3.814275e+00 	2.179135e-04 	2.203374e-04 	2.204274e-04 	3.947950e+06 
23 	106323592.127777 	2.122203e-01 	1.259814e+01 	3.800569e+00 	2.190810e-04 	2.215263e-04 	2.216172e-04 	3.889341e+06 
24 	110155338.123638 	2.100930e-01 	1.258448e+01 	3.786908e+00 	2.202525e-04 	2.227192e-04 	2.228111e-04 	3.831746e+06 
25 	113930483.300365 	2.079870e-01 	1.257086e+01 	3.773292e+00 	2.214279e-04 	2.239163e-04 	2.240092e-04 	3.775145e+06 
26 	117650001.565594 	2.059022e-01 	1.255729e+01 	3.759718e+00 	2.226073e-04 	2.251175e-04 	2.252113e-04 	3.719518e+06 
27 	121314847.360057 	2.038383e-01 	1.254376e+01 	3.746189e+00 	2.237907e-04 	2.263229e-04 	2.264177e-04 	3.664846e+06 
28 	124925956.101655 	2.017952e-01 	1.253027e+01 	3.732702e+00 	2.249781e-04 	2.275324e-04 	2.276282e-04 	3.611109e+06 
29 	128484244.618148 	1.997725e-01 	1.251683e+01 	3.719258e+00 	2.261695e-04 	2.287461e-04 	2.288429e-04 	3.558289e+06 
30 	131990611.568873 	1.977702e-01 	1.250343e+01 	3.705857e+00 	2.273650e-04 	2.299640e-04 	2.300618e-04 	3.506367e+06 
31 	135445937.855805 	1.957880e-01 	1.249007e+01 	3.692498e+00 	2.285645e-04 	2.311862e-04 	2.312850e-04 	3.455326e+06 
32 	138851087.024193 	1.938257e-01 	1.247676e+01 	3.679181e+00 	2.297681e-04 	2.324126e-04 	2.325124e-04 	3.405149e+06 
33 	142206905.653066 	1.918830e-01 	1.246348e+01 	3.665905e+00 	2.309758e-04 	2.336432e-04 	2.337440e-04 	3.355819e+06 
34 	145514223.735916 	1.899599e-01 	1.245025e+01 	3.652671e+00 	2.321877e-04 	2.348781e-04 	2.349800e-04 	3.307318e+06 
35 	148773855.051851 	1.880561e-01 	1.243706e+01 	3.639478e+00 	2.334036e-04 	2.361173e-04 	2.362202e-04 	3.259631e+06 
36 	151986597.527455 	1.861714e-01 	1.242391e+01 	3.626326e+00 	2.346237e-04 	2.373607e-04 	2.374647e-04 	3.212742e+06 
37 	155153233.589624 	1.843056e-01 	1.241079e+01 	3.613214e+00 	2.358479e-04 	2.386085e-04 	2.387136e-04 	3.166636e+06 
38 	158274530.509563 	1.824586e-01 	1.239772e+01 	3.600142e+00 	2.370763e-04 	2.398607e-04 	2.399668e-04 	3.121297e+06 
39 	161351240.738230 	1.806301e-01 	1.238469e+01 	3.587110e+00 	2.383089e-04 	2.411171e-04 	2.412244e-04 	3.076710e+06 
40 	164384102.233574 	1.788199e-01 	1.237170e+01 	3.574118e+00 	2.395457e-04 	2.423780e-04 	2.424863e-04 	3.032861e+06 
41 	167373838.779619 	1.770279e-01 	1.235875e+01 	3.561165e+00 	2.407867e-04 	2.436433e-04 	2.437527e-04 	2.989737e+06 
42 	170321160.297573 	1.752539e-01 	1.234584e+01 	3.548251e+00 	2.420320e-04 	2.449129e-04 	2.450235e-04 	2.947322e+06 
43 	173226763.149524 	1.734977e-01 	1.233296e+01 	3.535376e+00 	2.432815e-04 	2.461870e-04 	2.462987e-04 	2.905603e+06 
44 	176091330.434401 	1.717592e-01 	1.232013e+01 	3.522540e+00 	2.445353e-04 	2.474655e-04 	2.475783e-04 	2.864567e+06 
45 	178915532.276997 	1.700381e-01 	1.230733e+01 	3.509742e+00 	2.457933e-04 	2.487485e-04 	2.488624e-04 	2.824202e+06 
46 	181700026.109684 	1.683342e-01 	1.229457e+01 	3.496982e+00 	2.470557e-04 	2.500360e-04 	2.501511e-04 	2.784494e+06 
47 	184445456.947391 	1.666475e-01 	1.228185e+01 	3.484259e+00 	2.483224e-04 	2.513279e-04 	2.514442e-04 	2.745431e+06 
48 	187152457.655913 	1.649777e-01 	1.226917e+01 	3.471575e+00 	2.495935e-04 	2.526244e-04 	2.527418e-04 	2.707001e+06 
49 	189821649.213648 	1.633246e-01 	1.225652e+01 	3.458927e+00 	2.508689e-04 	2.539254e-04 	2.540440e-04 	2.669192e+06 
50 	192453640.967080 	1.616881e-01 	1.224391e+01 	3.446317e+00 	2.521486e-04 	2.552310e-04 	2.553508e-04 	2.631992e+06 
51 	195049030.880084 	1.600681e-01 	1.223134e+01 	3.433743e+00 	2.534328e-04 	2.565411e-04 	2.566621e-04 	2.595390e+06 
52 	197608405.777207 	1.584643e-01 	1.221880e+01 	3.421206e+00 	2.547214e-04 	2.578559e-04 	2.579781e-04 	2.559375e+06 
53 	200132341.581169 	1.568766e-01 	1.220630e+01 	3.408705e+00 	2.560144e-04 	2.591752e-04 	2.592987e-04 	2.523936e+06 
54 	202621403.544634 	1.553048e-01 	1.219384e+01 	3.396240e+00 	2.573119e-04 	2.604992e-04 	2.606239e-04 	2.489062e+06 
55 	205076146.476488 	1.537488e-01 	1.218141e+01 	3.383811e+00 	2.586138e-04 	2.618278e-04 	2.619537e-04 	2.454743e+06 
56 	207497114.962691 	1.522084e-01 	1.216902e+01 	3.371417e+00 	2.599202e-04 	2.631611e-04 	2.632883e-04 	2.420968e+06 
57 	209884843.581941 	1.506835e-01 	1.215666e+01 	3.359059e+00 	2.612311e-04 	2.644991e-04 	2.646275e-04 	2.387729e+06 
58 	212239857.116192 	1.491738e-01 	1.214434e+01 	3.346736e+00 	2.625465e-04 	2.658418e-04 	2.659715e-04 	2.355014e+06 
59 	214562670.756151 	1.476794e-01 	1.213205e+01 	3.334448e+00 	2.638665e-04 	2.671892e-04 	2.673202e-04 	2.322814e+06 
60 	216853790.302128 	1.461999e-01 	1.211980e+01 	3.322194e+00 	2.651910e-04 	2.685414e-04 	2.686737e-04 	2.291120e+06 
61 	219113712.359853 	1.447352e-01 	1.210758e+01 	3.309975e+00 	2.665201e-04 	2.698983e-04 	2.700319e-04 	2.259922e+06 
62 	221342924.532015 	1.432853e-01 	1.209540e+01 	3.297790e+00 	2.678538e-04 	2.712600e-04 	2.713950e-04 	2.229212e+06 
63 	223541905.605120 	1.418498e-01 	1.208325e+01 	3.285639e+00 	2.691922e-04 	2.726266e-04 	2.727628e-04 	2.198981e+06 
64 	225711125.732042 	1.404288e-01 	1.207113e+01 	3.273522e+00 	2.705351e-04 	2.739979e-04 	2.741355e-04 	2.169220e+06 
65 	227851046.610343 	1.390221e-01 	1.205905e+01 	3.261438e+00 	2.718827e-04 	2.753741e-04 	2.755131e-04 	2.139921e+06 
66 	229962121.656471 	1.376294e-01 	1.204700e+01 	3.249388e+00 	2.732350e-04 	2.767552e-04 	2.768956e-04 	2.111075e+06 
67 	232044796.175890 	1.362507e-01 	1.203498e+01 	3.237371e+00 	2.745919e-04 	2.781412e-04 	2.782829e-04 	2.082675e+06 
