i 	 t 	 J_r 	 J_theta 	 J_phi 	 Omega_r 	 Omega_theta 	 Omega_phi 	 dt 
------------
0 	1.000000 	0.831856 	4.952300 	11.536352 	0.000194 	0.000196 	0.000196 	0 
1 	7575763.028813 	8.234829e-01 	4.931200e+00 	1.151526e+01 	1.952139e-04 	1.972691e-04 	1.973480e-04 	7.575762e+06 
2 	14953673.992704 	8.151809e-01 	4.910198e+00 	1.149426e+01 	1.969334e-04 	1.990171e-04 	1.990972e-04 	7.377911e+06 
3 	22139448.158466 	8.069629e-01 	4.889327e+00 	1.147339e+01 	1.986612e-04 	2.007736e-04 	2.008551e-04 	7.185774e+06 
4 	29138909.456526 	7.988283e-01 	4.868585e+00 	1.145265e+01 	2.003972e-04 	2.025386e-04 	2.026214e-04 	6.999461e+06 
5 	35957686.026854 	7.907761e-01 	4.847971e+00 	1.143204e+01 	2.021415e-04 	2.043122e-04 	2.043964e-04 	6.818777e+06 
6 	42601214.842955 	7.828056e-01 	4.827484e+00 	1.141156e+01 	2.038940e-04 	2.060943e-04 	2.061798e-04 	6.643529e+06 
7 	49074748.822960 	7.749158e-01 	4.807122e+00 	1.139120e+01 	2.056547e-04 	2.078849e-04 	2.079718e-04 	6.473534e+06 
8 	55383363.677635 	7.671060e-01 	4.786885e+00 	1.137096e+01 	2.074237e-04 	2.096840e-04 	2.097723e-04 	6.308615e+06 
9 	61531964.482912 	7.593754e-01 	4.766771e+00 	1.135085e+01 	2.092008e-04 	2.114916e-04 	2.115814e-04 	6.148601e+06 
10 	67525291.988669 	7.517231e-01 	4.746778e+00 	1.133086e+01 	2.109862e-04 	2.133078e-04 	2.133990e-04 	5.993328e+06 
11 	73367928.675059 	7.441483e-01 	4.726907e+00 	1.131100e+01 	2.127798e-04 	2.151324e-04 	2.152251e-04 	5.842637e+06 
12 	79064304.567135 	7.366503e-01 	4.707155e+00 	1.129125e+01 	2.145816e-04 	2.169655e-04 	2.170597e-04 	5.696376e+06 
13 	84618702.818200 	7.292283e-01 	4.687521e+00 	1.127162e+01 	2.163916e-04 	2.188071e-04 	2.189028e-04 	5.554398e+06 
14 	90035265.071656 	7.218814e-01 	4.668005e+00 	1.125210e+01 	2.182098e-04 	2.206573e-04 	2.207544e-04 	5.416562e+06 
15 	95317996.610760 	7.146089e-01 	4.648605e+00 	1.123271e+01 	2.200362e-04 	2.225159e-04 	2.226146e-04 	5.282732e+06 
16 	100470771.305306 	7.074101e-01 	4.629320e+00 	1.121343e+01 	2.218708e-04 	2.243830e-04 	2.244832e-04 	5.152775e+06 
17 	105497336.363789 	7.002842e-01 	4.610150e+00 	1.119426e+01 	2.237135e-04 	2.262585e-04 	2.263604e-04 	5.026565e+06 
18 	110401316.899279 	6.932305e-01 	4.591092e+00 	1.117520e+01 	2.255644e-04 	2.281426e-04 	2.282460e-04 	4.903981e+06 
19 	115186220.316733 	6.862482e-01 	4.572147e+00 	1.115626e+01 	2.274235e-04 	2.300351e-04 	2.301402e-04 	4.784903e+06 
20 	119855440.529357 	6.793366e-01 	4.553312e+00 	1.113743e+01 	2.292908e-04 	2.319362e-04 	2.320428e-04 	4.669220e+06 
21 	124412262.011087 	6.724949e-01 	4.534587e+00 	1.111871e+01 	2.311662e-04 	2.338457e-04 	2.339540e-04 	4.556821e+06 
22 	128859863.692002 	6.657225e-01 	4.515971e+00 	1.110010e+01 	2.330498e-04 	2.357636e-04 	2.358736e-04 	4.447602e+06 
23 	133201322.703256 	6.590187e-01 	4.497463e+00 	1.108159e+01 	2.349416e-04 	2.376901e-04 	2.378017e-04 	4.341459e+06 
24 	137439617.977713 	6.523827e-01 	4.479061e+00 	1.106319e+01 	2.368415e-04 	2.396250e-04 	2.397384e-04 	4.238295e+06 
25 	141577633.712265 	6.458139e-01 	4.460765e+00 	1.104490e+01 	2.387496e-04 	2.415683e-04 	2.416835e-04 	4.138016e+06 
26 	145618162.697573 	6.393116e-01 	4.442574e+00 	1.102671e+01 	2.406658e-04 	2.435202e-04 	2.436371e-04 	4.040529e+06 
27 	149563909.520595 	6.328750e-01 	4.424487e+00 	1.100863e+01 	2.425902e-04 	2.454805e-04 	2.455991e-04 	3.945747e+06 
28 	153417493.645211 	6.265036e-01 	4.406503e+00 	1.099065e+01 	2.445227e-04 	2.474493e-04 	2.475697e-04 	3.853584e+06 
29 	157181452.375844 	6.201966e-01 	4.388621e+00 	1.097277e+01 	2.464633e-04 	2.494265e-04 	2.495487e-04 	3.763959e+06 
30 	160858243.708924 	6.139535e-01 	4.370839e+00 	1.095499e+01 	2.484121e-04 	2.514122e-04 	2.515363e-04 	3.676791e+06 
31 	164450249.076702 	6.077735e-01 	4.353158e+00 	1.093731e+01 	2.503690e-04 	2.534063e-04 	2.535323e-04 	3.592005e+06 
32 	167959775.987786 	6.016560e-01 	4.335576e+00 	1.091973e+01 	2.523341e-04 	2.554090e-04 	2.555368e-04 	3.509527e+06 
33 	171389060.568621 	5.956004e-01 	4.318091e+00 	1.090225e+01 	2.543073e-04 	2.574201e-04 	2.575497e-04 	3.429285e+06 
34 	174740270.009812 	5.896060e-01 	4.300704e+00 	1.088487e+01 	2.562886e-04 	2.594396e-04 	2.595712e-04 	3.351209e+06 
35 	178015504.921249 	5.836723e-01 	4.283414e+00 	1.086758e+01 	2.582781e-04 	2.614676e-04 	2.616012e-04 	3.275235e+06 
36 	181216801.599568 	5.777985e-01 	4.266219e+00 	1.085039e+01 	2.602757e-04 	2.635041e-04 	2.636396e-04 	3.201297e+06 
37 	184346134.211533 	5.719842e-01 	4.249118e+00 	1.083329e+01 	2.622814e-04 	2.655491e-04 	2.656865e-04 	3.129333e+06 
38 	187405416.896652 	5.662286e-01 	4.232112e+00 	1.081629e+01 	2.642953e-04 	2.676025e-04 	2.677419e-04 	3.059283e+06 
39 	190396505.792273 	5.605312e-01 	4.215198e+00 	1.079937e+01 	2.663173e-04 	2.696643e-04 	2.698058e-04 	2.991089e+06 
40 	193321200.984216 	5.548914e-01 	4.198376e+00 	1.078256e+01 	2.683474e-04 	2.717347e-04 	2.718782e-04 	2.924695e+06 
41 	196181248.385866 	5.493087e-01 	4.181645e+00 	1.076583e+01 	2.703856e-04 	2.738135e-04 	2.739591e-04 	2.860047e+06 
42 	198978341.548618 	5.437823e-01 	4.165005e+00 	1.074919e+01 	2.724320e-04 	2.759008e-04 	2.760485e-04 	2.797093e+06 
43 	201714123.406277 	5.383118e-01 	4.148454e+00 	1.073264e+01 	2.744865e-04 	2.779966e-04 	2.781464e-04 	2.735782e+06 
44 	204390187.956114 	5.328966e-01 	4.131992e+00 	1.071618e+01 	2.765492e-04 	2.801008e-04 	2.802528e-04 	2.676065e+06 
45 	207008081.878977 	5.275361e-01 	4.115618e+00 	1.069981e+01 	2.786199e-04 	2.822136e-04 	2.823677e-04 	2.617894e+06 
46 	209569306.100846 	5.222298e-01 	4.099331e+00 	1.068353e+01 	2.806988e-04 	2.843348e-04 	2.844911e-04 	2.561224e+06 
47 	212075317.298167 	5.169770e-01 	4.083130e+00 	1.066733e+01 	2.827859e-04 	2.864645e-04 	2.866230e-04 	2.506011e+06 
48 	214527529.349073 	5.117774e-01 	4.067014e+00 	1.065122e+01 	2.848811e-04 	2.886027e-04 	2.887634e-04 	2.452212e+06 
49 	216927314.732650 	5.066303e-01 	4.050984e+00 	1.063519e+01 	2.869844e-04 	2.907494e-04 	2.909124e-04 	2.399785e+06 
50 	219276005.878216 	5.015351e-01 	4.035037e+00 	1.061925e+01 	2.890958e-04 	2.929046e-04 	2.930698e-04 	2.348691e+06 
51 	221574896.466527 	4.964915e-01 	4.019174e+00 	1.060339e+01 	2.912154e-04 	2.950683e-04 	2.952358e-04 	2.298891e+06 
52 	223825242.684824 	4.914987e-01 	4.003393e+00 	1.058761e+01 	2.933432e-04 	2.972405e-04 	2.974104e-04 	2.250346e+06 
53 	226028264.437401 	4.865564e-01 	3.987693e+00 	1.057191e+01 	2.954791e-04 	2.994212e-04 	2.995934e-04 	2.203022e+06 
54 	228185146.513455 	4.816640e-01 	3.972075e+00 	1.055630e+01 	2.976232e-04 	3.016104e-04 	3.017851e-04 	2.156882e+06 
55 	230297039.713822 	4.768211e-01 	3.956537e+00 	1.054076e+01 	2.997754e-04 	3.038082e-04 	3.039852e-04 	2.111893e+06 
56 	232365061.938171 	4.720270e-01 	3.941079e+00 	1.052530e+01 	3.019358e-04 	3.060145e-04 	3.061939e-04 	2.068022e+06 
57 	234390299.234121 	4.672813e-01 	3.925699e+00 	1.050993e+01 	3.041043e-04 	3.082293e-04 	3.084112e-04 	2.025237e+06 
58 	236373806.809787 	4.625835e-01 	3.910398e+00 	1.049463e+01 	3.062810e-04 	3.104527e-04 	3.106371e-04 	1.983508e+06 
59 	238316610.011058 	4.579332e-01 	3.895174e+00 	1.047941e+01 	3.084659e-04 	3.126846e-04 	3.128715e-04 	1.942803e+06 
60 	240219705.264976 	4.533298e-01 	3.880026e+00 	1.046426e+01 	3.106590e-04 	3.149250e-04 	3.151145e-04 	1.903095e+06 
61 	242084060.990482 	4.487728e-01 	3.864955e+00 	1.044920e+01 	3.128603e-04 	3.171741e-04 	3.173661e-04 	1.864356e+06 
62 	243910618.477748 	4.442619e-01 	3.849959e+00 	1.043420e+01 	3.150697e-04 	3.194317e-04 	3.196263e-04 	1.826557e+06 
63 	245700292.737248 	4.397965e-01 	3.835038e+00 	1.041928e+01 	3.172874e-04 	3.216979e-04 	3.218951e-04 	1.789674e+06 
64 	247453973.319709 	4.353761e-01 	3.820191e+00 	1.040444e+01 	3.195132e-04 	3.239727e-04 	3.241725e-04 	1.753681e+06 
65 	249172525.108033 	4.310003e-01 	3.805417e+00 	1.038967e+01 	3.217473e-04 	3.262560e-04 	3.264585e-04 	1.718552e+06 
66 	250856789.082207 	4.266687e-01 	3.790716e+00 	1.037497e+01 	3.239895e-04 	3.285480e-04 	3.287532e-04 	1.684264e+06 
67 	252507583.058188 	4.223809e-01 	3.776087e+00 	1.036034e+01 	3.262400e-04 	3.308486e-04 	3.310565e-04 	1.650794e+06 
68 	254125702.401754 	4.181362e-01 	3.761529e+00 	1.034579e+01 	3.284988e-04 	3.331578e-04 	3.333684e-04 	1.618119e+06 
69 	255711920.718220 	4.139344e-01 	3.747043e+00 	1.033130e+01 	3.307658e-04 	3.354756e-04 	3.356891e-04 	1.586218e+06 
70 	257266990.518881 	4.097750e-01 	3.732626e+00 	1.031689e+01 	3.330410e-04 	3.378021e-04 	3.380183e-04 	1.555070e+06 
71 	258791643.865085 	4.056575e-01 	3.718280e+00 	1.030255e+01 	3.353244e-04 	3.401372e-04 	3.403563e-04 	1.524653e+06 
72 	260286592.990684 	4.015816e-01 	3.704002e+00 	1.028827e+01 	3.376162e-04 	3.424810e-04 	3.427030e-04 	1.494949e+06 
