i 	 t 	 J_r 	 J_theta 	 J_phi 	 Omega_r 	 Omega_theta 	 Omega_phi 	 dt 
------------
0 	1.000000 	1.804160 	0.251117 	15.265230 	0.000194 	0.000196 	0.000196 	0 
1 	12935207.084449 	1.802444e+00 	2.486148e-01 	1.526271e+01 	1.940868e-04 	1.963026e-04 	1.963950e-04 	1.293521e+07 
2 	25823995.006142 	1.800742e+00 	2.461367e-01 	1.526021e+01 	1.943122e-04 	1.965318e-04 	1.966244e-04 	1.288879e+07 
3 	38666940.180277 	1.799054e+00 	2.436832e-01 	1.525774e+01 	1.945357e-04 	1.967592e-04 	1.968520e-04 	1.284295e+07 
4 	51464617.856115 	1.797380e+00 	2.412543e-01 	1.525529e+01 	1.947575e-04 	1.969848e-04 	1.970778e-04 	1.279768e+07 
5 	64217594.530801 	1.795720e+00 	2.388496e-01 	1.525286e+01 	1.949774e-04 	1.972086e-04 	1.973018e-04 	1.275298e+07 
6 	76926428.098048 	1.794074e+00 	2.364690e-01 	1.525046e+01 	1.951956e-04 	1.974306e-04 	1.975240e-04 	1.270883e+07 
7 	89591668.003025 	1.792441e+00 	2.341121e-01 	1.524809e+01 	1.954121e-04 	1.976508e-04 	1.977444e-04 	1.266524e+07 
8 	102213855.394031 	1.790821e+00 	2.317787e-01 	1.524573e+01 	1.956268e-04 	1.978693e-04 	1.979630e-04 	1.262219e+07 
9 	114793523.270983 	1.789215e+00 	2.294686e-01 	1.524340e+01 	1.958398e-04 	1.980860e-04 	1.981799e-04 	1.257967e+07 
10 	127331196.630727 	1.787622e+00 	2.271816e-01 	1.524110e+01 	1.960511e-04 	1.983009e-04 	1.983950e-04 	1.253767e+07 
11 	139827392.609415 	1.786042e+00 	2.249174e-01 	1.523881e+01 	1.962606e-04 	1.985141e-04 	1.986084e-04 	1.249620e+07 
12 	152282620.621839 	1.784474e+00 	2.226758e-01 	1.523655e+01 	1.964685e-04 	1.987256e-04 	1.988201e-04 	1.245523e+07 
13 	164697382.497897 	1.782920e+00 	2.204566e-01 	1.523431e+01 	1.966747e-04 	1.989354e-04 	1.990301e-04 	1.241476e+07 
14 	177072172.616257 	1.781378e+00 	2.182595e-01 	1.523209e+01 	1.968792e-04 	1.991435e-04 	1.992383e-04 	1.237479e+07 
15 	189407478.035255 	1.779849e+00 	2.160843e-01 	1.522990e+01 	1.970821e-04 	1.993499e-04 	1.994449e-04 	1.233531e+07 
16 	201703778.621098 	1.778332e+00 	2.139309e-01 	1.522773e+01 	1.972833e-04 	1.995546e-04 	1.996498e-04 	1.229630e+07 
17 	213961547.173379 	1.776827e+00 	2.117989e-01 	1.522557e+01 	1.974829e-04 	1.997577e-04 	1.998531e-04 	1.225777e+07 
18 	226181249.548177 	1.775334e+00 	2.096883e-01 	1.522344e+01 	1.976809e-04 	1.999591e-04 	2.000547e-04 	1.221970e+07 
19 	238363344.778466 	1.773854e+00 	2.075987e-01 	1.522133e+01 	1.978772e-04 	2.001589e-04 	2.002546e-04 	1.218210e+07 
20 	250508285.192219 	1.772385e+00 	2.055299e-01 	1.521924e+01 	1.980720e-04 	2.003571e-04 	2.004530e-04 	1.214494e+07 
21 	262616516.528060 	1.770928e+00 	2.034818e-01 	1.521718e+01 	1.982652e-04 	2.005536e-04 	2.006497e-04 	1.210823e+07 
22 	274688478.048525 	1.769483e+00 	2.014541e-01 	1.521513e+01 	1.984568e-04 	2.007486e-04 	2.008448e-04 	1.207196e+07 
23 	286724602.651168 	1.768049e+00 	1.994467e-01 	1.521310e+01 	1.986469e-04 	2.009420e-04 	2.010384e-04 	1.203612e+07 
24 	298725316.977333 	1.766626e+00 	1.974592e-01 	1.521109e+01 	1.988354e-04 	2.011338e-04 	2.012303e-04 	1.200071e+07 
25 	310691041.518802 	1.765215e+00 	1.954917e-01 	1.520910e+01 	1.990223e-04 	2.013240e-04 	2.014207e-04 	1.196572e+07 
26 	322622190.722249 	1.763815e+00 	1.935437e-01 	1.520714e+01 	1.992078e-04 	2.015127e-04 	2.016096e-04 	1.193115e+07 
27 	334519173.091705 	1.762426e+00 	1.916152e-01 	1.520519e+01 	1.993917e-04 	2.016998e-04 	2.017969e-04 	1.189698e+07 
28 	346382391.288921 	1.761048e+00 	1.897059e-01 	1.520326e+01 	1.995741e-04 	2.018854e-04 	2.019827e-04 	1.186322e+07 
29 	358212242.231750 	1.759680e+00 	1.878157e-01 	1.520135e+01 	1.997551e-04 	2.020695e-04 	2.021669e-04 	1.182985e+07 
30 	370009117.190642 	1.758324e+00 	1.859443e-01 	1.519946e+01 	1.999345e-04 	2.022521e-04 	2.023497e-04 	1.179687e+07 
31 	381773401.883149 	1.756978e+00 	1.840916e-01 	1.519758e+01 	2.001125e-04 	2.024332e-04 	2.025309e-04 	1.176428e+07 
32 	393505476.566648 	1.755643e+00 	1.822574e-01 	1.519573e+01 	2.002890e-04 	2.026128e-04 	2.027107e-04 	1.173207e+07 
33 	405205716.129266 	1.754317e+00 	1.804414e-01 	1.519389e+01 	2.004641e-04 	2.027910e-04 	2.028890e-04 	1.170024e+07 
34 	416874490.178933 	1.753003e+00 	1.786436e-01 	1.519207e+01 	2.006377e-04 	2.029677e-04 	2.030658e-04 	1.166877e+07 
35 	428512163.130791 	1.751698e+00 	1.768637e-01 	1.519027e+01 	2.008100e-04 	2.031429e-04 	2.032412e-04 	1.163767e+07 
36 	440119094.292876 	1.750404e+00 	1.751016e-01 	1.518849e+01 	2.009808e-04 	2.033167e-04 	2.034152e-04 	1.160693e+07 
37 	451695637.950166 	1.749119e+00 	1.733571e-01 	1.518673e+01 	2.011502e-04 	2.034891e-04 	2.035877e-04 	1.157654e+07 
38 	463242143.446931 	1.747845e+00 	1.716299e-01 	1.518498e+01 	2.013182e-04 	2.036600e-04 	2.037588e-04 	1.154651e+07 
39 	474758955.267645 	1.746580e+00 	1.699200e-01 	1.518325e+01 	2.014848e-04 	2.038296e-04 	2.039285e-04 	1.151681e+07 
40 	486246413.116176 	1.745325e+00 	1.682271e-01 	1.518153e+01 	2.016501e-04 	2.039977e-04 	2.040968e-04 	1.148746e+07 
41 	497704851.993578 	1.744079e+00 	1.665511e-01 	1.517984e+01 	2.018140e-04 	2.041645e-04 	2.042637e-04 	1.145844e+07 
42 	509134602.274370 	1.742843e+00 	1.648919e-01 	1.517816e+01 	2.019765e-04 	2.043299e-04 	2.044293e-04 	1.142975e+07 
43 	520535989.781373 	1.741616e+00 	1.632492e-01 	1.517649e+01 	2.021377e-04 	2.044940e-04 	2.045935e-04 	1.140139e+07 
44 	531909335.859087 	1.740399e+00 	1.616228e-01 	1.517485e+01 	2.022976e-04 	2.046566e-04 	2.047563e-04 	1.137335e+07 
45 	543254957.445748 	1.739191e+00 	1.600127e-01 	1.517322e+01 	2.024562e-04 	2.048180e-04 	2.049178e-04 	1.134562e+07 
46 	554573167.143962 	1.737991e+00 	1.584187e-01 	1.517160e+01 	2.026134e-04 	2.049780e-04 	2.050780e-04 	1.131821e+07 
47 	565864273.290034 	1.736801e+00 	1.568405e-01 	1.517000e+01 	2.027694e-04 	2.051367e-04 	2.052368e-04 	1.129111e+07 
48 	577128580.022031 	1.735620e+00 	1.552781e-01 	1.516842e+01 	2.029241e-04 	2.052941e-04 	2.053943e-04 	1.126431e+07 
49 	588366387.346513 	1.734448e+00 	1.537312e-01 	1.516685e+01 	2.030775e-04 	2.054502e-04 	2.055506e-04 	1.123781e+07 
50 	599577991.204112 	1.733284e+00 	1.521998e-01 	1.516530e+01 	2.032296e-04 	2.056050e-04 	2.057055e-04 	1.121160e+07 
51 	610763683.533759 	1.732129e+00 	1.506837e-01 	1.516376e+01 	2.033805e-04 	2.057586e-04 	2.058592e-04 	1.118569e+07 
52 	621923752.335851 	1.730983e+00 	1.491826e-01 	1.516224e+01 	2.035302e-04 	2.059109e-04 	2.060116e-04 	1.116007e+07 
53 	633058481.734173 	1.729845e+00 	1.476966e-01 	1.516074e+01 	2.036786e-04 	2.060619e-04 	2.061627e-04 	1.113473e+07 
54 	644168152.036714 	1.728716e+00 	1.462253e-01 	1.515924e+01 	2.038258e-04 	2.062116e-04 	2.063127e-04 	1.110967e+07 
55 	655253039.795335 	1.727594e+00 	1.447688e-01 	1.515777e+01 	2.039717e-04 	2.063602e-04 	2.064613e-04 	1.108489e+07 
56 	666313417.864389 	1.726481e+00 	1.433267e-01 	1.515630e+01 	2.041165e-04 	2.065075e-04 	2.066088e-04 	1.106038e+07 
57 	677349555.458219 	1.725377e+00 	1.418991e-01 	1.515485e+01 	2.042601e-04 	2.066536e-04 	2.067550e-04 	1.103614e+07 
58 	688361718.207681 	1.724280e+00 	1.404856e-01 	1.515342e+01 	2.044025e-04 	2.067985e-04 	2.069000e-04 	1.101216e+07 
59 	699350168.215520 	1.723191e+00 	1.390863e-01 	1.515200e+01 	2.045437e-04 	2.069421e-04 	2.070438e-04 	1.098845e+07 
60 	710315164.110878 	1.722110e+00 	1.377009e-01 	1.515059e+01 	2.046837e-04 	2.070847e-04 	2.071864e-04 	1.096500e+07 
61 	721256961.102718 	1.721037e+00 	1.363293e-01 	1.514920e+01 	2.048226e-04 	2.072260e-04 	2.073279e-04 	1.094180e+07 
62 	732175811.032355 	1.719972e+00 	1.349714e-01 	1.514782e+01 	2.049603e-04 	2.073661e-04 	2.074682e-04 	1.091885e+07 
63 	743071962.424988 	1.718915e+00 	1.336270e-01 	1.514646e+01 	2.050969e-04 	2.075051e-04 	2.076073e-04 	1.089615e+07 
64 	753945660.540350 	1.717865e+00 	1.322961e-01 	1.514511e+01 	2.052324e-04 	2.076430e-04 	2.077453e-04 	1.087370e+07 
65 	764797147.422418 	1.716822e+00 	1.309784e-01 	1.514377e+01 	2.053668e-04 	2.077797e-04 	2.078821e-04 	1.085149e+07 
66 	775626661.948264 	1.715787e+00 	1.296738e-01 	1.514244e+01 	2.055000e-04 	2.079153e-04 	2.080178e-04 	1.082951e+07 
67 	786434439.876030 	1.714759e+00 	1.283822e-01 	1.514113e+01 	2.056321e-04 	2.080498e-04 	2.081524e-04 	1.080778e+07 
68 	797220713.892064 	1.713739e+00 	1.271036e-01 	1.513983e+01 	2.057632e-04 	2.081831e-04 	2.082859e-04 	1.078627e+07 
69 	807985713.657196 	1.712726e+00 	1.258376e-01 	1.513854e+01 	2.058932e-04 	2.083154e-04 	2.084183e-04 	1.076500e+07 
70 	818729665.852226 	1.711720e+00 	1.245843e-01 	1.513727e+01 	2.060221e-04 	2.084466e-04 	2.085495e-04 	1.074395e+07 
71 	829452794.222588 	1.710721e+00 	1.233435e-01 	1.513601e+01 	2.061499e-04 	2.085766e-04 	2.086797e-04 	1.072313e+07 
72 	840155319.622260 	1.709729e+00 	1.221150e-01 	1.513476e+01 	2.062767e-04 	2.087057e-04 	2.088089e-04 	1.070253e+07 
73 	850837460.056886 	1.708744e+00 	1.208988e-01 	1.513352e+01 	2.064024e-04 	2.088336e-04 	2.089369e-04 	1.068214e+07 
74 	861499430.726153 	1.707765e+00 	1.196947e-01 	1.513230e+01 	2.065271e-04 	2.089605e-04 	2.090639e-04 	1.066197e+07 
75 	872141444.065443 	1.706794e+00 	1.185026e-01 	1.513108e+01 	2.066508e-04 	2.090863e-04 	2.091899e-04 	1.064201e+07 
76 	882763709.786733 	1.705829e+00 	1.173224e-01 	1.512988e+01 	2.067734e-04 	2.092111e-04 	2.093148e-04 	1.062227e+07 
