i 	 t 	 J_r 	 J_theta 	 J_phi 	 Omega_r 	 Omega_theta 	 Omega_phi 	 dt 
------------
0 	1.000000 	0.836434 	12.868218 	3.615856 	0.000193 	0.000196 	0.000196 	0 
1 	7952911.511244 	8.280115e-01 	1.284696e+01 	3.594594e+00 	1.951146e-04 	1.972848e-04 	1.973653e-04 	7.952911e+06 
2 	15696876.612605 	8.196632e-01 	1.282580e+01 	3.573439e+00 	1.968448e-04 	1.990459e-04 	1.991277e-04 	7.743965e+06 
3 	23238011.101170 	8.113995e-01 	1.280478e+01 	3.552416e+00 	1.985833e-04 	2.008156e-04 	2.008988e-04 	7.541134e+06 
4 	30582483.914082 	8.032195e-01 	1.278389e+01 	3.531523e+00 	2.003302e-04 	2.025940e-04 	2.026786e-04 	7.344473e+06 
5 	37736255.119941 	7.951225e-01 	1.276313e+01 	3.510761e+00 	2.020855e-04 	2.043812e-04 	2.044672e-04 	7.153771e+06 
6 	44705081.856153 	7.871076e-01 	1.274250e+01 	3.490126e+00 	2.038492e-04 	2.061770e-04 	2.062644e-04 	6.968827e+06 
7 	51494525.903873 	7.791739e-01 	1.272199e+01 	3.469619e+00 	2.056212e-04 	2.079815e-04 	2.080704e-04 	6.789444e+06 
8 	58109960.970277 	7.713206e-01 	1.270161e+01 	3.449238e+00 	2.074015e-04 	2.097947e-04 	2.098850e-04 	6.615435e+06 
9 	64556579.677328 	7.635469e-01 	1.268136e+01 	3.428981e+00 	2.091902e-04 	2.116166e-04 	2.117084e-04 	6.446619e+06 
10 	70839400.269629 	7.558520e-01 	1.266123e+01 	3.408848e+00 	2.109873e-04 	2.134472e-04 	2.135405e-04 	6.282821e+06 
11 	76963273.053430 	7.482351e-01 	1.264122e+01 	3.388838e+00 	2.127927e-04 	2.152864e-04 	2.153812e-04 	6.123873e+06 
12 	82932886.578239 	7.406953e-01 	1.262133e+01 	3.368949e+00 	2.146064e-04 	2.171343e-04 	2.172306e-04 	5.969614e+06 
13 	88752773.572202 	7.332319e-01 	1.260156e+01 	3.349179e+00 	2.164284e-04 	2.189908e-04 	2.190888e-04 	5.819887e+06 
14 	94427316.641598 	7.258441e-01 	1.258192e+01 	3.329529e+00 	2.182588e-04 	2.208561e-04 	2.209556e-04 	5.674543e+06 
15 	99960753.744551 	7.185312e-01 	1.256239e+01 	3.309997e+00 	2.200975e-04 	2.227300e-04 	2.228311e-04 	5.533437e+06 
16 	105357183.448537 	7.112923e-01 	1.254297e+01 	3.290581e+00 	2.219445e-04 	2.246125e-04 	2.247152e-04 	5.396430e+06 
17 	110620569.980828 	7.041268e-01 	1.252367e+01 	3.271281e+00 	2.237998e-04 	2.265037e-04 	2.266081e-04 	5.263387e+06 
18 	115754748.080595 	6.970338e-01 	1.250449e+01 	3.252095e+00 	2.256634e-04 	2.284036e-04 	2.285096e-04 	5.134178e+06 
19 	120763427.660987 	6.900126e-01 	1.248542e+01 	3.233023e+00 	2.275353e-04 	2.303121e-04 	2.304198e-04 	5.008680e+06 
20 	125650198.289265 	6.830625e-01 	1.246646e+01 	3.214063e+00 	2.294155e-04 	2.322293e-04 	2.323386e-04 	4.886771e+06 
21 	130418533.492470 	6.761828e-01 	1.244762e+01 	3.195214e+00 	2.313040e-04 	2.341551e-04 	2.342661e-04 	4.768335e+06 
22 	135071794.895973 	6.693728e-01 	1.242888e+01 	3.176476e+00 	2.332007e-04 	2.360895e-04 	2.362023e-04 	4.653261e+06 
23 	139613236.201886 	6.626316e-01 	1.241025e+01 	3.157847e+00 	2.351058e-04 	2.380326e-04 	2.381472e-04 	4.541441e+06 
24 	144046007.013908 	6.559587e-01 	1.239173e+01 	3.139326e+00 	2.370191e-04 	2.399843e-04 	2.401007e-04 	4.432771e+06 
25 	148373156.515035 	6.493534e-01 	1.237332e+01 	3.120912e+00 	2.389408e-04 	2.419447e-04 	2.420629e-04 	4.327150e+06 
26 	152597637.004152 	6.428149e-01 	1.235502e+01 	3.102605e+00 	2.408706e-04 	2.439137e-04 	2.440337e-04 	4.224480e+06 
27 	156722307.297351 	6.363425e-01 	1.233682e+01 	3.084402e+00 	2.428088e-04 	2.458914e-04 	2.460132e-04 	4.124670e+06 
28 	160749935.999529 	6.299357e-01 	1.231872e+01 	3.066304e+00 	2.447552e-04 	2.478777e-04 	2.480014e-04 	4.027629e+06 
29 	164683204.651503 	6.235936e-01 	1.230073e+01 	3.048309e+00 	2.467099e-04 	2.498726e-04 	2.499982e-04 	3.933269e+06 
30 	168524710.757886 	6.173158e-01 	1.228284e+01 	3.030417e+00 	2.486728e-04 	2.518762e-04 	2.520036e-04 	3.841506e+06 
31 	172276970.700374 	6.111014e-01 	1.226505e+01 	3.012625e+00 	2.506440e-04 	2.538884e-04 	2.540178e-04 	3.752260e+06 
32 	175942422.541274 	6.049499e-01 	1.224736e+01 	2.994935e+00 	2.526235e-04 	2.559092e-04 	2.560405e-04 	3.665452e+06 
33 	179523428.721615 	5.988606e-01 	1.222977e+01 	2.977343e+00 	2.546112e-04 	2.579387e-04 	2.580720e-04 	3.581006e+06 
34 	183022278.658144 	5.928329e-01 	1.221228e+01 	2.959850e+00 	2.566072e-04 	2.599768e-04 	2.601121e-04 	3.498850e+06 
35 	186441191.243256 	5.868662e-01 	1.219489e+01 	2.942455e+00 	2.586114e-04 	2.620235e-04 	2.621608e-04 	3.418913e+06 
36 	189782317.251759 	5.809598e-01 	1.217759e+01 	2.925156e+00 	2.606238e-04 	2.640789e-04 	2.642183e-04 	3.341126e+06 
37 	193047741.658246 	5.751131e-01 	1.216039e+01 	2.907954e+00 	2.626446e-04 	2.661429e-04 	2.662843e-04 	3.265424e+06 
38 	196239485.868578 	5.693256e-01 	1.214328e+01 	2.890846e+00 	2.646735e-04 	2.682155e-04 	2.683591e-04 	3.191744e+06 
39 	199359509.868968 	5.635965e-01 	1.212627e+01 	2.873832e+00 	2.667107e-04 	2.702968e-04 	2.704425e-04 	3.120024e+06 
40 	202409714.295879 	5.579254e-01 	1.210935e+01 	2.856912e+00 	2.687562e-04 	2.723868e-04 	2.725346e-04 	3.050204e+06 
41 	205391942.429931 	5.523116e-01 	1.209253e+01 	2.840084e+00 	2.708098e-04 	2.744853e-04 	2.746353e-04 	2.982228e+06 
42 	208307982.116770 	5.467545e-01 	1.207579e+01 	2.823347e+00 	2.728718e-04 	2.765926e-04 	2.767447e-04 	2.916040e+06 
43 	211159567.617805 	5.412536e-01 	1.205915e+01 	2.806702e+00 	2.749419e-04 	2.787084e-04 	2.788628e-04 	2.851586e+06 
44 	213948381.393585 	5.358083e-01 	1.204260e+01 	2.790146e+00 	2.770204e-04 	2.808330e-04 	2.809896e-04 	2.788814e+06 
45 	216676055.822404 	5.304180e-01 	1.202613e+01 	2.773679e+00 	2.791070e-04 	2.829661e-04 	2.831250e-04 	2.727674e+06 
46 	219344174.856725 	5.250822e-01 	1.200976e+01 	2.757300e+00 	2.812019e-04 	2.851080e-04 	2.852691e-04 	2.668119e+06 
47 	221954275.619798 	5.198003e-01 	1.199347e+01 	2.741009e+00 	2.833051e-04 	2.872585e-04 	2.874219e-04 	2.610101e+06 
48 	224507849.944845 	5.145718e-01 	1.197726e+01 	2.724804e+00 	2.854165e-04 	2.894176e-04 	2.895834e-04 	2.553574e+06 
49 	227006345.858991 	5.093961e-01 	1.196115e+01 	2.708685e+00 	2.875361e-04 	2.915855e-04 	2.917536e-04 	2.498496e+06 
50 	229451169.014116 	5.042727e-01 	1.194512e+01 	2.692652e+00 	2.896641e-04 	2.937619e-04 	2.939325e-04 	2.444823e+06 
51 	231843684.066648 	4.992010e-01 	1.192917e+01 	2.676702e+00 	2.918002e-04 	2.959471e-04 	2.961200e-04 	2.392515e+06 
52 	234185216.008288 	4.941806e-01 	1.191331e+01 	2.660836e+00 	2.939446e-04 	2.981410e-04 	2.983163e-04 	2.341532e+06 
53 	236477051.449519 	4.892108e-01 	1.189752e+01 	2.645053e+00 	2.960973e-04 	3.003435e-04 	3.005213e-04 	2.291835e+06 
54 	238720439.857724 	4.842913e-01 	1.188183e+01 	2.629352e+00 	2.982582e-04 	3.025547e-04 	3.027351e-04 	2.243388e+06 
55 	240916594.751654 	4.794214e-01 	1.186621e+01 	2.613733e+00 	3.004274e-04 	3.047746e-04 	3.049575e-04 	2.196155e+06 
56 	243066694.853868 	4.746007e-01 	1.185067e+01 	2.598193e+00 	3.026049e-04 	3.070033e-04 	3.071887e-04 	2.150100e+06 
57 	245171885.202792 	4.698287e-01 	1.183522e+01 	2.582734e+00 	3.047906e-04 	3.092406e-04 	3.094286e-04 	2.105190e+06 
58 	247233278.225885 	4.651048e-01 	1.181984e+01 	2.567354e+00 	3.069846e-04 	3.114866e-04 	3.116772e-04 	2.061393e+06 
59 	249251954.775383 	4.604287e-01 	1.180454e+01 	2.552052e+00 	3.091868e-04 	3.137414e-04 	3.139346e-04 	2.018677e+06 
60 	251228965.128075 	4.557997e-01 	1.178932e+01 	2.536828e+00 	3.113974e-04 	3.160049e-04 	3.162007e-04 	1.977010e+06 
61 	253165329.950387 	4.512175e-01 	1.177417e+01 	2.521682e+00 	3.136162e-04 	3.182771e-04 	3.184756e-04 	1.936365e+06 
62 	255062041.230132 	4.466815e-01 	1.175910e+01 	2.506611e+00 	3.158434e-04 	3.205581e-04 	3.207593e-04 	1.896711e+06 
63 	256920063.176146 	4.421913e-01 	1.174411e+01 	2.491616e+00 	3.180788e-04 	3.228478e-04 	3.230517e-04 	1.858022e+06 
64 	258740333.087020 	4.377464e-01 	1.172919e+01 	2.476696e+00 	3.203225e-04 	3.251462e-04 	3.253530e-04 	1.820270e+06 
65 	260523762.190049 	4.333464e-01 	1.171435e+01 	2.461851e+00 	3.225746e-04 	3.274535e-04 	3.276630e-04 	1.783429e+06 
66 	262271236.451525 	4.289908e-01 	1.169958e+01 	2.447079e+00 	3.248349e-04 	3.297695e-04 	3.299818e-04 	1.747474e+06 
67 	263983617.359441 	4.246791e-01 	1.168489e+01 	2.432380e+00 	3.271036e-04 	3.320943e-04 	3.323095e-04 	1.712381e+06 
68 	265661742.679567 	4.204109e-01 	1.167026e+01 	2.417754e+00 	3.293806e-04 	3.344278e-04 	3.346460e-04 	1.678125e+06 
69 	267306427.185965 	4.161858e-01 	1.165571e+01 	2.403200e+00 	3.316659e-04 	3.367702e-04 	3.369912e-04 	1.644685e+06 
70 	268918463.366796 	4.120034e-01 	1.164123e+01 	2.388716e+00 	3.339596e-04 	3.391214e-04 	3.393454e-04 	1.612036e+06 
71 	270498622.106362 	4.078631e-01 	1.162682e+01 	2.374303e+00 	3.362616e-04 	3.414814e-04 	3.417084e-04 	1.580159e+06 
72 	272047653.344260 	4.037645e-01 	1.161248e+01 	2.359960e+00 	3.385720e-04 	3.438503e-04 	3.440802e-04 	1.549031e+06 
73 	273566286.712440 	3.997073e-01 	1.159821e+01 	2.345686e+00 	3.408907e-04 	3.462279e-04 	3.464609e-04 	1.518633e+06 
