i 	 t 	 J_r 	 J_theta 	 J_phi 	 Omega_r 	 Omega_theta 	 Omega_phi 	 dt 
------------
0 	1.000000 	2.639985 	1.250790 	13.429733 	0.000194 	0.000197 	0.000197 	0 
1 	18316078.273402 	2.632106e+00 	1.238247e+00 	1.341718e+01 	1.953396e-04 	1.978522e-04 	1.979631e-04 	1.831608e+07 
2 	36316927.650721 	2.624296e+00 	1.225820e+00 	1.340474e+01 	1.964565e-04 	1.989917e-04 	1.991038e-04 	1.800085e+07 
3 	54010141.912478 	2.616561e+00 	1.213519e+00 	1.339242e+01 	1.975707e-04 	2.001283e-04 	2.002417e-04 	1.769321e+07 
4 	71403353.435356 	2.608901e+00 	1.201342e+00 	1.338023e+01 	1.986821e-04 	2.012622e-04 	2.013768e-04 	1.739321e+07 
5 	88503970.781690 	2.601314e+00 	1.189287e+00 	1.336816e+01 	1.997906e-04 	2.023933e-04 	2.025090e-04 	1.710062e+07 
6 	105319184.904016 	2.593801e+00 	1.177355e+00 	1.335622e+01 	2.008962e-04 	2.035214e-04 	2.036384e-04 	1.681521e+07 
7 	121855976.412557 	2.586359e+00 	1.165543e+00 	1.334439e+01 	2.019989e-04 	2.046466e-04 	2.047647e-04 	1.653679e+07 
8 	138121122.580320 	2.578989e+00 	1.153850e+00 	1.333269e+01 	2.030984e-04 	2.057687e-04 	2.058881e-04 	1.626515e+07 
9 	154121204.089940 	2.571690e+00 	1.142276e+00 	1.332110e+01 	2.041949e-04 	2.068877e-04 	2.070083e-04 	1.600008e+07 
10 	169862611.532877 	2.564460e+00 	1.130818e+00 	1.330963e+01 	2.052883e-04 	2.080036e-04 	2.081255e-04 	1.574141e+07 
11 	185351551.670684 	2.557300e+00 	1.119476e+00 	1.329827e+01 	2.063785e-04 	2.091163e-04 	2.092394e-04 	1.548894e+07 
12 	200594053.467707 	2.550209e+00 	1.108248e+00 	1.328703e+01 	2.074654e-04 	2.102258e-04 	2.103501e-04 	1.524250e+07 
13 	215595973.904455 	2.543185e+00 	1.097134e+00 	1.327590e+01 	2.085490e-04 	2.113319e-04 	2.114574e-04 	1.500192e+07 
14 	230363003.580269 	2.536229e+00 	1.086132e+00 	1.326488e+01 	2.096293e-04 	2.124347e-04 	2.125614e-04 	1.476703e+07 
15 	244900672.113532 	2.529339e+00 	1.075241e+00 	1.325398e+01 	2.107062e-04 	2.135341e-04 	2.136621e-04 	1.453767e+07 
16 	259214353.347425 	2.522515e+00 	1.064460e+00 	1.324318e+01 	2.117796e-04 	2.146300e-04 	2.147592e-04 	1.431368e+07 
17 	273309270.368844 	2.515757e+00 	1.053787e+00 	1.323249e+01 	2.128496e-04 	2.157224e-04 	2.158529e-04 	1.409492e+07 
18 	287190500.347850 	2.509062e+00 	1.043222e+00 	1.322191e+01 	2.139160e-04 	2.168113e-04 	2.169430e-04 	1.388123e+07 
19 	300862979.204375 	2.502432e+00 	1.032764e+00 	1.321144e+01 	2.149788e-04 	2.178966e-04 	2.180295e-04 	1.367248e+07 
20 	314331506.109317 	2.495865e+00 	1.022411e+00 	1.320107e+01 	2.160380e-04 	2.189782e-04 	2.191124e-04 	1.346853e+07 
21 	327600747.826110 	2.489360e+00 	1.012163e+00 	1.319081e+01 	2.170936e-04 	2.200562e-04 	2.201916e-04 	1.326924e+07 
22 	340675242.898915 	2.482918e+00 	1.002018e+00 	1.318065e+01 	2.181454e-04 	2.211304e-04 	2.212671e-04 	1.307450e+07 
23 	353559405.693655 	2.476536e+00 	9.919751e-01 	1.317059e+01 	2.191935e-04 	2.222009e-04 	2.223388e-04 	1.288416e+07 
24 	366257530.297160 	2.470216e+00 	9.820336e-01 	1.316063e+01 	2.202378e-04 	2.232675e-04 	2.234067e-04 	1.269812e+07 
25 	378773794.280072 	2.463955e+00 	9.721924e-01 	1.315078e+01 	2.212783e-04 	2.243303e-04 	2.244707e-04 	1.251626e+07 
26 	391112262.328660 	2.457754e+00 	9.624503e-01 	1.314102e+01 	2.223149e-04 	2.253892e-04 	2.255308e-04 	1.233847e+07 
27 	403276889.750499 	2.451612e+00 	9.528063e-01 	1.313136e+01 	2.233476e-04 	2.264442e-04 	2.265870e-04 	1.216463e+07 
28 	415271525.858860 	2.445528e+00 	9.432596e-01 	1.312180e+01 	2.243763e-04 	2.274951e-04 	2.276393e-04 	1.199464e+07 
29 	427099917.240276 	2.439501e+00 	9.338091e-01 	1.311233e+01 	2.254011e-04 	2.285421e-04 	2.286875e-04 	1.182839e+07 
30 	438765710.909849 	2.433532e+00 	9.244538e-01 	1.310296e+01 	2.264219e-04 	2.295850e-04 	2.297317e-04 	1.166579e+07 
31 	450272457.358340 	2.427619e+00 	9.151927e-01 	1.309368e+01 	2.274386e-04 	2.306239e-04 	2.307718e-04 	1.150675e+07 
32 	461623613.495267 	2.421762e+00 	9.060249e-01 	1.308450e+01 	2.284513e-04 	2.316586e-04 	2.318077e-04 	1.135116e+07 
33 	472822545.491717 	2.415961e+00 	8.969495e-01 	1.307540e+01 	2.294598e-04 	2.326892e-04 	2.328396e-04 	1.119893e+07 
34 	483872531.526812 	2.410214e+00 	8.879654e-01 	1.306640e+01 	2.304642e-04 	2.337156e-04 	2.338672e-04 	1.104999e+07 
35 	494776764.441186 	2.404522e+00 	8.790719e-01 	1.305749e+01 	2.314645e-04 	2.347378e-04 	2.348907e-04 	1.090423e+07 
36 	505538354.301067 	2.398883e+00 	8.702679e-01 	1.304867e+01 	2.324605e-04 	2.357558e-04 	2.359098e-04 	1.076159e+07 
37 	516160330.876226 	2.393297e+00 	8.615525e-01 	1.303994e+01 	2.334523e-04 	2.367694e-04 	2.369248e-04 	1.062198e+07 
38 	526645646.034908 	2.387764e+00 	8.529249e-01 	1.303130e+01 	2.344399e-04 	2.377788e-04 	2.379354e-04 	1.048532e+07 
39 	536997176.058875 	2.382283e+00 	8.443841e-01 	1.302274e+01 	2.354232e-04 	2.387839e-04 	2.389417e-04 	1.035153e+07 
40 	547217723.881390 	2.376854e+00 	8.359294e-01 	1.301427e+01 	2.364021e-04 	2.397846e-04 	2.399436e-04 	1.022055e+07 
41 	557310021.251070 	2.371475e+00 	8.275597e-01 	1.300588e+01 	2.373768e-04 	2.407809e-04 	2.409412e-04 	1.009230e+07 
42 	567276730.824157 	2.366147e+00 	8.192742e-01 	1.299758e+01 	2.383471e-04 	2.417728e-04 	2.419343e-04 	9.966710e+06 
43 	577120448.187876 	2.360869e+00 	8.110721e-01 	1.298936e+01 	2.393130e-04 	2.427603e-04 	2.429230e-04 	9.843717e+06 
44 	586843703.817448 	2.355641e+00 	8.029526e-01 	1.298122e+01 	2.402745e-04 	2.437433e-04 	2.439073e-04 	9.723256e+06 
45 	596448964.968957 	2.350461e+00 	7.949147e-01 	1.297316e+01 	2.412316e-04 	2.447219e-04 	2.448871e-04 	9.605261e+06 
46 	605938637.510552 	2.345330e+00 	7.869578e-01 	1.296519e+01 	2.421842e-04 	2.456959e-04 	2.458624e-04 	9.489673e+06 
47 	615315067.694134 	2.340247e+00 	7.790808e-01 	1.295729e+01 	2.431324e-04 	2.466655e-04 	2.468331e-04 	9.376430e+06 
48 	624580543.869550 	2.335211e+00 	7.712831e-01 	1.294948e+01 	2.440761e-04 	2.476305e-04 	2.477994e-04 	9.265476e+06 
49 	633737298.143558 	2.330223e+00 	7.635638e-01 	1.294174e+01 	2.450153e-04 	2.485909e-04 	2.487610e-04 	9.156754e+06 
50 	642787507.985278 	2.325280e+00 	7.559222e-01 	1.293408e+01 	2.459500e-04 	2.495468e-04 	2.497181e-04 	9.050210e+06 
51 	651733297.780204 	2.320384e+00 	7.483574e-01 	1.292650e+01 	2.468802e-04 	2.504980e-04 	2.506706e-04 	8.945790e+06 
52 	660576740.334490 	2.315534e+00 	7.408687e-01 	1.291899e+01 	2.478058e-04 	2.514447e-04 	2.516185e-04 	8.843443e+06 
53 	669319858.331332 	2.310729e+00 	7.334552e-01 	1.291156e+01 	2.487268e-04 	2.523867e-04 	2.525617e-04 	8.743118e+06 
54 	677964625.741026 	2.305968e+00 	7.261163e-01 	1.290420e+01 	2.496433e-04 	2.533241e-04 	2.535003e-04 	8.644767e+06 
55 	686512969.186457 	2.301252e+00 	7.188512e-01 	1.289692e+01 	2.505552e-04 	2.542568e-04 	2.544342e-04 	8.548343e+06 
56 	694966769.265420 	2.296579e+00 	7.116591e-01 	1.288970e+01 	2.514624e-04 	2.551849e-04 	2.553635e-04 	8.453800e+06 
57 	703327861.831382 	2.291950e+00 	7.045393e-01 	1.288257e+01 	2.523651e-04 	2.561083e-04 	2.562881e-04 	8.361093e+06 
58 	711598039.234074 	2.287363e+00 	6.974910e-01 	1.287550e+01 	2.532631e-04 	2.570269e-04 	2.572080e-04 	8.270177e+06 
59 	719779051.521346 	2.282819e+00 	6.905136e-01 	1.286850e+01 	2.541565e-04 	2.579409e-04 	2.581232e-04 	8.181012e+06 
60 	727872607.603558 	2.278317e+00 	6.836063e-01 	1.286158e+01 	2.550453e-04 	2.588502e-04 	2.590336e-04 	8.093556e+06 
61 	735880376.381816 	2.273857e+00 	6.767684e-01 	1.285472e+01 	2.559294e-04 	2.597547e-04 	2.599393e-04 	8.007769e+06 
62 	743803987.841318 	2.269437e+00 	6.699992e-01 	1.284793e+01 	2.568088e-04 	2.606545e-04 	2.608403e-04 	7.923611e+06 
63 	751645034.110954 	2.265059e+00 	6.632980e-01 	1.284121e+01 	2.576836e-04 	2.615495e-04 	2.617365e-04 	7.841046e+06 
64 	759405070.490357 	2.260721e+00 	6.566642e-01 	1.283456e+01 	2.585536e-04 	2.624398e-04 	2.626280e-04 	7.760036e+06 
65 	767085616.445472 	2.256422e+00 	6.500969e-01 	1.282797e+01 	2.594190e-04 	2.633253e-04 	2.635147e-04 	7.680546e+06 
66 	774688156.573691 	2.252164e+00 	6.435956e-01 	1.282145e+01 	2.602797e-04 	2.642061e-04 	2.643967e-04 	7.602540e+06 
67 	782214141.539657 	2.247944e+00 	6.371597e-01 	1.281499e+01 	2.611357e-04 	2.650821e-04 	2.652738e-04 	7.525985e+06 
68 	789664988.982614 	2.243763e+00 	6.307883e-01 	1.280860e+01 	2.619870e-04 	2.659533e-04 	2.661462e-04 	7.450847e+06 
69 	797042084.396390 	2.239621e+00 	6.244809e-01 	1.280227e+01 	2.628336e-04 	2.668197e-04 	2.670138e-04 	7.377095e+06 
70 	804346781.982769 	2.235516e+00 	6.182369e-01 	1.279601e+01 	2.636755e-04 	2.676813e-04 	2.678766e-04 	7.304698e+06 
71 	811580405.479271 	2.231449e+00 	6.120556e-01 	1.278981e+01 	2.645127e-04 	2.685382e-04 	2.687346e-04 	7.233623e+06 
72 	818744248.962129 	2.227419e+00 	6.059363e-01 	1.278367e+01 	2.653451e-04 	2.693903e-04 	2.695878e-04 	7.163843e+06 
73 	825839577.625301 	2.223426e+00 	5.998784e-01 	1.277759e+01 	2.661729e-04 	2.702375e-04 	2.704363e-04 	7.095329e+06 
74 	832867628.536272 	2.219469e+00 	5.938814e-01 	1.277157e+01 	2.669959e-04 	2.710800e-04 	2.712799e-04 	7.028051e+06 
75 	839829611.369481 	2.215549e+00 	5.879445e-01 	1.276561e+01 	2.678143e-04 	2.719176e-04 	2.721187e-04 	6.961983e+06 
76 	846726709.118025 	2.211664e+00 	5.820672e-01 	1.275972e+01 	2.686279e-04 	2.727505e-04 	2.729527e-04 	6.897098e+06 
77 	853560078.784426 	2.207814e+00 	5.762490e-01 	1.275388e+01 	2.694368e-04 	2.735786e-04 	2.737819e-04 	6.833370e+06 
78 	860330852.051084 	2.204000e+00 	5.704891e-01 	1.274810e+01 	2.702409e-04 	2.744019e-04 	2.746063e-04 	6.770773e+06 
79 	867040135.931101 	2.200220e+00 	5.647870e-01 	1.274237e+01 	2.710404e-04 	2.752203e-04 	2.754260e-04 	6.709284e+06 
80 	873689013.400134 	2.196474e+00 	5.591421e-01 	1.273671e+01 	2.718352e-04 	2.760340e-04 	2.762408e-04 	6.648877e+06 
81 	880278544.009853 	2.192762e+00 	5.535538e-01 	1.273110e+01 	2.726252e-04 	2.768429e-04 	2.770508e-04 	6.589531e+06 
82 	886809764.483616 	2.189084e+00 	5.480216e-01 	1.272555e+01 	2.734106e-04 	2.776471e-04 	2.778560e-04 	6.531220e+06 
83 	893283689.294899 	2.185439e+00 	5.425449e-01 	1.272005e+01 	2.741912e-04 	2.784464e-04 	2.786565e-04 	6.473925e+06 
84 	899701311.229127 	2.181827e+00 	5.371232e-01 	1.271461e+01 	2.749672e-04 	2.792409e-04 	2.794521e-04 	6.417622e+06 
85 	906063601.929304 	2.178247e+00 	5.317558e-01 	1.270922e+01 	2.757385e-04 	2.800307e-04 	2.802430e-04 	6.362291e+06 
86 	912371512.426082 	2.174700e+00 	5.264423e-01 	1.270388e+01 	2.765051e-04 	2.808157e-04 	2.810291e-04 	6.307910e+06 
